# score max_tile time N_moves
7.000000000000000000e+02 6.400000000000000000e+01 1.907156999996004743e-01 9.200000000000000000e+01
1.812000000000000000e+03 1.280000000000000000e+02 3.317121999998562387e-01 1.850000000000000000e+02
1.336000000000000000e+03 1.280000000000000000e+02 2.154080999998768675e-01 1.380000000000000000e+02
1.372000000000000000e+03 1.280000000000000000e+02 2.378270999997766921e-01 1.430000000000000000e+02
6.680000000000000000e+02 6.400000000000000000e+01 1.299964999998337589e-01 8.600000000000000000e+01
1.524000000000000000e+03 1.280000000000000000e+02 2.528925000005983748e-01 1.610000000000000000e+02
1.888000000000000000e+03 1.280000000000000000e+02 2.823122999998304294e-01 1.800000000000000000e+02
3.348000000000000000e+03 2.560000000000000000e+02 4.433440000002519810e-01 2.780000000000000000e+02
2.876000000000000000e+03 2.560000000000000000e+02 3.638771999994787620e-01 2.360000000000000000e+02
3.048000000000000000e+03 2.560000000000000000e+02 4.153638999996474013e-01 2.470000000000000000e+02
1.640000000000000000e+03 1.280000000000000000e+02 2.535286000002088258e-01 1.660000000000000000e+02
9.720000000000000000e+02 6.400000000000000000e+01 1.888656000000992208e-01 1.170000000000000000e+02
6.880000000000000000e+02 6.400000000000000000e+01 1.462728000005881768e-01 8.900000000000000000e+01
3.224000000000000000e+03 2.560000000000000000e+02 4.244451000004119123e-01 2.700000000000000000e+02
2.440000000000000000e+03 2.560000000000000000e+02 3.192676999997274834e-01 2.060000000000000000e+02
2.620000000000000000e+03 2.560000000000000000e+02 3.600562000001445995e-01 2.210000000000000000e+02
5.368000000000000000e+03 5.120000000000000000e+02 5.664292999999815947e-01 3.670000000000000000e+02
1.104000000000000000e+03 1.280000000000000000e+02 1.721656999998231186e-01 1.140000000000000000e+02
6.288000000000000000e+03 5.120000000000000000e+02 6.994820999998410116e-01 4.270000000000000000e+02
2.792000000000000000e+03 2.560000000000000000e+02 3.777354999992894591e-01 2.310000000000000000e+02
4.688000000000000000e+03 5.120000000000000000e+02 5.214858999997886713e-01 3.220000000000000000e+02
2.240000000000000000e+03 2.560000000000000000e+02 3.019568999998227810e-01 1.970000000000000000e+02
1.624000000000000000e+03 1.280000000000000000e+02 2.455047999992530094e-01 1.580000000000000000e+02
2.060000000000000000e+03 2.560000000000000000e+02 2.758279000008769799e-01 1.720000000000000000e+02
2.344000000000000000e+03 2.560000000000000000e+02 3.105287999997017323e-01 2.010000000000000000e+02
2.628000000000000000e+03 2.560000000000000000e+02 3.326108999999632942e-01 2.220000000000000000e+02
1.432000000000000000e+03 1.280000000000000000e+02 2.515967999997883453e-01 1.470000000000000000e+02
1.404000000000000000e+03 1.280000000000000000e+02 2.262461999998777173e-01 1.450000000000000000e+02
4.144000000000000000e+03 2.560000000000000000e+02 5.116691000002902001e-01 3.140000000000000000e+02
2.460000000000000000e+03 2.560000000000000000e+02 3.393054000007396098e-01 2.080000000000000000e+02
1.532000000000000000e+03 1.280000000000000000e+02 2.356696000006195391e-01 1.530000000000000000e+02
2.944000000000000000e+03 2.560000000000000000e+02 3.879529999994701939e-01 2.480000000000000000e+02
5.476000000000000000e+03 5.120000000000000000e+02 6.324058999998669606e-01 3.840000000000000000e+02
1.652000000000000000e+03 1.280000000000000000e+02 2.525745000002643792e-01 1.680000000000000000e+02
3.048000000000000000e+03 2.560000000000000000e+02 3.945732000001953566e-01 2.470000000000000000e+02
3.416000000000000000e+03 2.560000000000000000e+02 4.510962000003928551e-01 2.830000000000000000e+02
1.572000000000000000e+03 1.280000000000000000e+02 2.454426999993302161e-01 1.610000000000000000e+02
3.004000000000000000e+03 2.560000000000000000e+02 3.852544999999736319e-01 2.430000000000000000e+02
4.760000000000000000e+02 3.200000000000000000e+01 1.128628999995271442e-01 7.600000000000000000e+01
7.120000000000000000e+02 6.400000000000000000e+01 1.441436000004614471e-01 9.700000000000000000e+01
1.280000000000000000e+03 1.280000000000000000e+02 2.090479999997114646e-01 1.370000000000000000e+02
1.340000000000000000e+03 1.280000000000000000e+02 2.078215000001364388e-01 1.380000000000000000e+02
3.540000000000000000e+03 2.560000000000000000e+02 4.907168999998248182e-01 2.970000000000000000e+02
3.204000000000000000e+03 2.560000000000000000e+02 4.112623000000894535e-01 2.600000000000000000e+02
1.168000000000000000e+03 1.280000000000000000e+02 1.856539999998858548e-01 1.240000000000000000e+02
1.364000000000000000e+03 1.280000000000000000e+02 2.198729000001549139e-01 1.420000000000000000e+02
1.592000000000000000e+03 1.280000000000000000e+02 2.570900999999139458e-01 1.670000000000000000e+02
3.156000000000000000e+03 2.560000000000000000e+02 4.043486000000484637e-01 2.570000000000000000e+02
3.012000000000000000e+03 2.560000000000000000e+02 4.155919999993784586e-01 2.490000000000000000e+02
1.868000000000000000e+03 1.280000000000000000e+02 2.743055999999342021e-01 1.770000000000000000e+02
5.076000000000000000e+03 5.120000000000000000e+02 5.523835000003600726e-01 3.440000000000000000e+02
1.388000000000000000e+03 1.280000000000000000e+02 2.230510999997932231e-01 1.480000000000000000e+02
1.860000000000000000e+03 1.280000000000000000e+02 2.940349000000423985e-01 1.890000000000000000e+02
3.300000000000000000e+03 2.560000000000000000e+02 4.499925000000075670e-01 2.830000000000000000e+02
2.856000000000000000e+03 2.560000000000000000e+02 3.867141999999148538e-01 2.320000000000000000e+02
5.440000000000000000e+03 5.120000000000000000e+02 6.009500999998635962e-01 3.810000000000000000e+02
3.164000000000000000e+03 2.560000000000000000e+02 4.135967000001983251e-01 2.630000000000000000e+02
1.684000000000000000e+03 1.280000000000000000e+02 2.837584999997488922e-01 1.780000000000000000e+02
1.360000000000000000e+03 1.280000000000000000e+02 2.219629000001077657e-01 1.420000000000000000e+02
9.800000000000000000e+02 6.400000000000000000e+01 1.993738999999550288e-01 1.150000000000000000e+02
3.108000000000000000e+03 2.560000000000000000e+02 3.937230999999883352e-01 2.580000000000000000e+02
1.628000000000000000e+03 1.280000000000000000e+02 2.475785999995423481e-01 1.640000000000000000e+02
1.972000000000000000e+03 1.280000000000000000e+02 2.947660999998333864e-01 1.850000000000000000e+02
3.032000000000000000e+03 2.560000000000000000e+02 3.865810999996028841e-01 2.480000000000000000e+02
1.464000000000000000e+03 1.280000000000000000e+02 2.298357999998188461e-01 1.510000000000000000e+02
1.012000000000000000e+03 6.400000000000000000e+01 1.855428999997457140e-01 1.220000000000000000e+02
2.040000000000000000e+03 2.560000000000000000e+02 2.848899000000528758e-01 1.680000000000000000e+02
1.452000000000000000e+03 1.280000000000000000e+02 2.234677999995255959e-01 1.480000000000000000e+02
2.232000000000000000e+03 2.560000000000000000e+02 3.034448999997039209e-01 1.880000000000000000e+02
1.376000000000000000e+03 1.280000000000000000e+02 2.125880000003235182e-01 1.400000000000000000e+02
3.212000000000000000e+03 2.560000000000000000e+02 4.638175999998566112e-01 2.730000000000000000e+02
7.240000000000000000e+02 6.400000000000000000e+01 1.523553999995783670e-01 9.900000000000000000e+01
2.412000000000000000e+03 2.560000000000000000e+02 3.167307000003347639e-01 2.050000000000000000e+02
9.120000000000000000e+02 6.400000000000000000e+01 1.816297000004851725e-01 1.080000000000000000e+02
3.644000000000000000e+03 2.560000000000000000e+02 4.790757000000667176e-01 2.990000000000000000e+02
2.232000000000000000e+03 2.560000000000000000e+02 2.859379999999873689e-01 1.870000000000000000e+02
1.432000000000000000e+03 1.280000000000000000e+02 2.291119999999864376e-01 1.470000000000000000e+02
3.080000000000000000e+03 2.560000000000000000e+02 3.985652999999729218e-01 2.590000000000000000e+02
1.660000000000000000e+03 1.280000000000000000e+02 2.561040999999022461e-01 1.650000000000000000e+02
2.952000000000000000e+03 2.560000000000000000e+02 3.888436999995974475e-01 2.410000000000000000e+02
3.200000000000000000e+03 2.560000000000000000e+02 4.134106999999858090e-01 2.680000000000000000e+02
2.360000000000000000e+03 2.560000000000000000e+02 3.057223999994675978e-01 2.040000000000000000e+02
9.240000000000000000e+02 6.400000000000000000e+01 1.711456000002726796e-01 1.130000000000000000e+02
3.208000000000000000e+03 2.560000000000000000e+02 4.120892000000822009e-01 2.660000000000000000e+02
2.312000000000000000e+03 2.560000000000000000e+02 3.124413000005006324e-01 1.940000000000000000e+02
1.472000000000000000e+03 1.280000000000000000e+02 2.472319999997125706e-01 1.570000000000000000e+02
2.540000000000000000e+03 2.560000000000000000e+02 3.538939000000027590e-01 2.200000000000000000e+02
2.232000000000000000e+03 1.280000000000000000e+02 3.414817000002585701e-01 2.030000000000000000e+02
1.728000000000000000e+03 1.280000000000000000e+02 2.591462999998839223e-01 1.580000000000000000e+02
2.664000000000000000e+03 2.560000000000000000e+02 3.709773000000495813e-01 2.160000000000000000e+02
1.556000000000000000e+03 1.280000000000000000e+02 2.541914999992513913e-01 1.650000000000000000e+02
2.348000000000000000e+03 2.560000000000000000e+02 3.364450000008218922e-01 2.010000000000000000e+02
2.892000000000000000e+03 2.560000000000000000e+02 3.862174999994749669e-01 2.390000000000000000e+02
6.432000000000000000e+03 5.120000000000000000e+02 7.020078000005014474e-01 4.370000000000000000e+02
1.428000000000000000e+03 1.280000000000000000e+02 2.423761000000013155e-01 1.470000000000000000e+02
2.788000000000000000e+03 2.560000000000000000e+02 3.473696000000927597e-01 2.260000000000000000e+02
1.428000000000000000e+03 1.280000000000000000e+02 2.257716000003711088e-01 1.470000000000000000e+02
3.032000000000000000e+03 2.560000000000000000e+02 3.911877000000458793e-01 2.430000000000000000e+02
3.304000000000000000e+03 2.560000000000000000e+02 4.135813000002599438e-01 2.640000000000000000e+02
6.000000000000000000e+02 6.400000000000000000e+01 1.250918000005185604e-01 8.300000000000000000e+01
1.760000000000000000e+03 1.280000000000000000e+02 2.789813999997932115e-01 1.800000000000000000e+02
3.000000000000000000e+03 2.560000000000000000e+02 4.070265000000290456e-01 2.500000000000000000e+02
2.696000000000000000e+03 2.560000000000000000e+02 3.355455999999321648e-01 2.130000000000000000e+02
3.192000000000000000e+03 2.560000000000000000e+02 4.374283000006471411e-01 2.660000000000000000e+02
6.200000000000000000e+02 6.400000000000000000e+01 1.271044999994046520e-01 8.400000000000000000e+01
8.000000000000000000e+02 6.400000000000000000e+01 1.660099999999147258e-01 1.050000000000000000e+02
1.376000000000000000e+03 1.280000000000000000e+02 2.186830999999074265e-01 1.450000000000000000e+02
1.304000000000000000e+03 1.280000000000000000e+02 2.003568000000086613e-01 1.320000000000000000e+02
2.624000000000000000e+03 2.560000000000000000e+02 3.688427999995838036e-01 2.220000000000000000e+02
2.748000000000000000e+03 2.560000000000000000e+02 3.644218999997974606e-01 2.350000000000000000e+02
1.252000000000000000e+03 1.280000000000000000e+02 2.029486999999789987e-01 1.340000000000000000e+02
1.160000000000000000e+03 1.280000000000000000e+02 2.069994999992559315e-01 1.270000000000000000e+02
1.692000000000000000e+03 1.280000000000000000e+02 2.588980000000447035e-01 1.680000000000000000e+02
3.608000000000000000e+03 2.560000000000000000e+02 4.510411000001113280e-01 2.910000000000000000e+02
1.944000000000000000e+03 2.560000000000000000e+02 2.397273999995377380e-01 1.580000000000000000e+02
1.280000000000000000e+03 1.280000000000000000e+02 2.260380999996414175e-01 1.390000000000000000e+02
1.668000000000000000e+03 1.280000000000000000e+02 2.515505999999732012e-01 1.670000000000000000e+02
3.052000000000000000e+03 2.560000000000000000e+02 3.998421000005691894e-01 2.480000000000000000e+02
1.432000000000000000e+03 1.280000000000000000e+02 2.409551999999166583e-01 1.470000000000000000e+02
1.400000000000000000e+03 1.280000000000000000e+02 2.425966999999218388e-01 1.430000000000000000e+02
4.592000000000000000e+03 5.120000000000000000e+02 5.132205999998404877e-01 3.100000000000000000e+02
3.240000000000000000e+03 2.560000000000000000e+02 4.243556000001262873e-01 2.670000000000000000e+02
2.168000000000000000e+03 1.280000000000000000e+02 3.164240999994945014e-01 2.060000000000000000e+02
5.380000000000000000e+03 5.120000000000000000e+02 6.119447999999465537e-01 3.770000000000000000e+02
1.604000000000000000e+03 1.280000000000000000e+02 2.380653999998685322e-01 1.580000000000000000e+02
1.756000000000000000e+03 1.280000000000000000e+02 2.753849000000627711e-01 1.780000000000000000e+02
2.060000000000000000e+03 1.280000000000000000e+02 3.162438999997903011e-01 1.920000000000000000e+02
4.676000000000000000e+03 5.120000000000000000e+02 4.848728999995728373e-01 3.180000000000000000e+02
1.336000000000000000e+03 1.280000000000000000e+02 2.047099999999772990e-01 1.360000000000000000e+02
1.460000000000000000e+03 1.280000000000000000e+02 2.342103999999380903e-01 1.530000000000000000e+02
2.208000000000000000e+03 2.560000000000000000e+02 3.608301000003848458e-01 1.880000000000000000e+02
2.312000000000000000e+03 2.560000000000000000e+02 3.126700999991953722e-01 1.920000000000000000e+02
2.784000000000000000e+03 2.560000000000000000e+02 4.068575999999666237e-01 2.400000000000000000e+02
2.012000000000000000e+03 2.560000000000000000e+02 2.786481000002822839e-01 1.660000000000000000e+02
1.356000000000000000e+03 1.280000000000000000e+02 2.177967999996326398e-01 1.400000000000000000e+02
1.768000000000000000e+03 1.280000000000000000e+02 3.357664999994085520e-01 1.790000000000000000e+02
1.704000000000000000e+03 1.280000000000000000e+02 3.427208000002792687e-01 1.710000000000000000e+02
2.948000000000000000e+03 2.560000000000000000e+02 5.202968000003238558e-01 2.410000000000000000e+02
3.124000000000000000e+03 2.560000000000000000e+02 4.231505999996443279e-01 2.600000000000000000e+02
2.716000000000000000e+03 2.560000000000000000e+02 3.305663000001004548e-01 2.180000000000000000e+02
1.456000000000000000e+03 1.280000000000000000e+02 2.405334000004586414e-01 1.520000000000000000e+02
1.408000000000000000e+03 1.280000000000000000e+02 2.206607999996776925e-01 1.460000000000000000e+02
2.672000000000000000e+03 2.560000000000000000e+02 3.678787999997439329e-01 2.290000000000000000e+02
3.112000000000000000e+03 2.560000000000000000e+02 4.171928999994634069e-01 2.530000000000000000e+02
2.544000000000000000e+03 2.560000000000000000e+02 3.581732000002375571e-01 2.200000000000000000e+02
1.384000000000000000e+03 1.280000000000000000e+02 2.048922000003585708e-01 1.370000000000000000e+02
2.404000000000000000e+03 2.560000000000000000e+02 3.240509000006568385e-01 2.050000000000000000e+02
3.240000000000000000e+03 2.560000000000000000e+02 4.335877000003165449e-01 2.640000000000000000e+02
6.040000000000000000e+02 6.400000000000000000e+01 1.198928000003434136e-01 8.100000000000000000e+01
1.344000000000000000e+03 1.280000000000000000e+02 2.235939000001962995e-01 1.410000000000000000e+02
1.644000000000000000e+03 1.280000000000000000e+02 2.559658999998646323e-01 1.680000000000000000e+02
3.068000000000000000e+03 2.560000000000000000e+02 4.124769999998534331e-01 2.520000000000000000e+02
2.168000000000000000e+03 2.560000000000000000e+02 2.825474000001122477e-01 1.860000000000000000e+02
1.656000000000000000e+03 1.280000000000000000e+02 2.663735000005544862e-01 1.730000000000000000e+02
2.656000000000000000e+03 2.560000000000000000e+02 3.408289999997577979e-01 2.180000000000000000e+02
2.096000000000000000e+03 1.280000000000000000e+02 3.067947999998068553e-01 1.930000000000000000e+02
3.764000000000000000e+03 2.560000000000000000e+02 4.682500999997500912e-01 3.030000000000000000e+02
3.048000000000000000e+03 2.560000000000000000e+02 4.177964000000429223e-01 2.510000000000000000e+02
1.680000000000000000e+03 1.280000000000000000e+02 2.632797999995091232e-01 1.660000000000000000e+02
1.144000000000000000e+03 1.280000000000000000e+02 1.941714000004139962e-01 1.230000000000000000e+02
2.604000000000000000e+03 2.560000000000000000e+02 3.754183000000921311e-01 2.270000000000000000e+02
1.348000000000000000e+03 1.280000000000000000e+02 2.147544999997990089e-01 1.380000000000000000e+02
1.460000000000000000e+03 1.280000000000000000e+02 2.507789000001139357e-01 1.530000000000000000e+02
1.312000000000000000e+03 1.280000000000000000e+02 2.045012999997197767e-01 1.350000000000000000e+02
2.464000000000000000e+03 2.560000000000000000e+02 3.604413000002750778e-01 2.120000000000000000e+02
1.636000000000000000e+03 1.280000000000000000e+02 2.613243000005240901e-01 1.690000000000000000e+02
1.528000000000000000e+03 1.280000000000000000e+02 2.494141999995918013e-01 1.590000000000000000e+02
2.508000000000000000e+03 2.560000000000000000e+02 3.380489000001034583e-01 2.150000000000000000e+02
3.084000000000000000e+03 2.560000000000000000e+02 3.968131000001449138e-01 2.520000000000000000e+02
1.664000000000000000e+03 1.280000000000000000e+02 2.627218999996330240e-01 1.710000000000000000e+02
3.256000000000000000e+03 2.560000000000000000e+02 4.348172999998496380e-01 2.710000000000000000e+02
1.076000000000000000e+03 1.280000000000000000e+02 1.916552000002411660e-01 1.180000000000000000e+02
4.792000000000000000e+03 5.120000000000000000e+02 5.237231000000974745e-01 3.390000000000000000e+02
1.436000000000000000e+03 1.280000000000000000e+02 2.246619999996255501e-01 1.480000000000000000e+02
2.740000000000000000e+03 2.560000000000000000e+02 3.672071000000869390e-01 2.170000000000000000e+02
1.604000000000000000e+03 1.280000000000000000e+02 2.615470000000641448e-01 1.690000000000000000e+02
3.012000000000000000e+03 2.560000000000000000e+02 3.851764000000912347e-01 2.470000000000000000e+02
3.060000000000000000e+03 2.560000000000000000e+02 4.216235999992932193e-01 2.540000000000000000e+02
6.320000000000000000e+02 6.400000000000000000e+01 1.284051000002364162e-01 8.700000000000000000e+01
1.164000000000000000e+03 1.280000000000000000e+02 2.020449000001462991e-01 1.270000000000000000e+02
2.388000000000000000e+03 2.560000000000000000e+02 3.318792999998549931e-01 2.050000000000000000e+02
1.720000000000000000e+03 1.280000000000000000e+02 2.633516000005329261e-01 1.740000000000000000e+02
2.796000000000000000e+03 2.560000000000000000e+02 3.638706000001548091e-01 2.280000000000000000e+02
1.296000000000000000e+03 1.280000000000000000e+02 1.958249999997860868e-01 1.300000000000000000e+02
3.276000000000000000e+03 2.560000000000000000e+02 4.393104000000676024e-01 2.710000000000000000e+02
3.340000000000000000e+03 2.560000000000000000e+02 4.381161999999676482e-01 2.720000000000000000e+02
2.676000000000000000e+03 2.560000000000000000e+02 3.636699999997290433e-01 2.290000000000000000e+02
1.796000000000000000e+03 1.280000000000000000e+02 2.646824000003107358e-01 1.700000000000000000e+02
1.464000000000000000e+03 1.280000000000000000e+02 2.345241000002715737e-01 1.550000000000000000e+02
1.056000000000000000e+03 1.280000000000000000e+02 1.668718999999327934e-01 1.150000000000000000e+02
1.128000000000000000e+03 1.280000000000000000e+02 1.814396999998280080e-01 1.190000000000000000e+02
1.492000000000000000e+03 1.280000000000000000e+02 2.539544999999634456e-01 1.560000000000000000e+02
1.432000000000000000e+03 1.280000000000000000e+02 2.238922000005914015e-01 1.470000000000000000e+02
3.376000000000000000e+03 2.560000000000000000e+02 4.422642999998060986e-01 2.760000000000000000e+02
1.048000000000000000e+03 1.280000000000000000e+02 1.698153999996065977e-01 1.120000000000000000e+02
1.816000000000000000e+03 1.280000000000000000e+02 2.914358999996693456e-01 1.820000000000000000e+02
1.048000000000000000e+03 1.280000000000000000e+02 1.659124999996492988e-01 1.110000000000000000e+02
3.036000000000000000e+03 2.560000000000000000e+02 3.770994999995309627e-01 2.430000000000000000e+02
3.092000000000000000e+03 2.560000000000000000e+02 4.171710999999049818e-01 2.580000000000000000e+02
1.524000000000000000e+03 1.280000000000000000e+02 2.431328000002395129e-01 1.520000000000000000e+02
6.868000000000000000e+03 5.120000000000000000e+02 7.291448999994827318e-01 4.650000000000000000e+02
2.324000000000000000e+03 2.560000000000000000e+02 2.968626000001677312e-01 1.920000000000000000e+02
2.424000000000000000e+03 2.560000000000000000e+02 3.244523999992452445e-01 2.050000000000000000e+02
2.472000000000000000e+03 2.560000000000000000e+02 3.462036000000807690e-01 2.150000000000000000e+02
1.056000000000000000e+03 1.280000000000000000e+02 1.710329999996247352e-01 1.140000000000000000e+02
3.072000000000000000e+03 2.560000000000000000e+02 4.048897000002398272e-01 2.520000000000000000e+02
3.168000000000000000e+03 2.560000000000000000e+02 4.078904999996666447e-01 2.610000000000000000e+02
1.404000000000000000e+03 1.280000000000000000e+02 2.199200999993990990e-01 1.470000000000000000e+02
5.744000000000000000e+03 5.120000000000000000e+02 6.417859000002863468e-01 3.960000000000000000e+02
6.400000000000000000e+03 5.120000000000000000e+02 6.821670999997877516e-01 4.320000000000000000e+02
3.256000000000000000e+03 2.560000000000000000e+02 4.381167000001369161e-01 2.740000000000000000e+02
2.464000000000000000e+03 2.560000000000000000e+02 3.500022999996872386e-01 2.140000000000000000e+02
2.644000000000000000e+03 2.560000000000000000e+02 3.421078000001216424e-01 2.220000000000000000e+02
1.412000000000000000e+03 1.280000000000000000e+02 2.168593999995209742e-01 1.440000000000000000e+02
1.672000000000000000e+03 1.280000000000000000e+02 2.508399999996981933e-01 1.640000000000000000e+02
2.644000000000000000e+03 2.560000000000000000e+02 3.629951000002620276e-01 2.200000000000000000e+02
1.400000000000000000e+03 1.280000000000000000e+02 2.206199000002015964e-01 1.430000000000000000e+02
1.636000000000000000e+03 1.280000000000000000e+02 2.778565999997226754e-01 1.690000000000000000e+02
1.440000000000000000e+03 1.280000000000000000e+02 2.235723000003417837e-01 1.490000000000000000e+02
1.732000000000000000e+03 1.280000000000000000e+02 2.414564999999129213e-01 1.600000000000000000e+02
1.436000000000000000e+03 1.280000000000000000e+02 2.293819999995321268e-01 1.480000000000000000e+02
3.224000000000000000e+03 2.560000000000000000e+02 4.303501000003961963e-01 2.710000000000000000e+02
1.728000000000000000e+03 1.280000000000000000e+02 2.744647999998051091e-01 1.700000000000000000e+02
1.712000000000000000e+03 1.280000000000000000e+02 2.644300000001749140e-01 1.700000000000000000e+02
2.728000000000000000e+03 2.560000000000000000e+02 3.821471999999630498e-01 2.330000000000000000e+02
1.440000000000000000e+03 1.280000000000000000e+02 2.317492000001948327e-01 1.530000000000000000e+02
3.044000000000000000e+03 2.560000000000000000e+02 3.842252000004009460e-01 2.460000000000000000e+02
1.712000000000000000e+03 1.280000000000000000e+02 2.721350000001621083e-01 1.750000000000000000e+02
3.164000000000000000e+03 2.560000000000000000e+02 4.267609999997148407e-01 2.640000000000000000e+02
1.480000000000000000e+03 1.280000000000000000e+02 2.339506999996956438e-01 1.550000000000000000e+02
9.080000000000000000e+02 6.400000000000000000e+01 1.665880000000470318e-01 1.030000000000000000e+02
3.084000000000000000e+03 2.560000000000000000e+02 3.981033000000024913e-01 2.560000000000000000e+02
2.792000000000000000e+03 2.560000000000000000e+02 3.473838999998406507e-01 2.270000000000000000e+02
1.352000000000000000e+03 1.280000000000000000e+02 2.154596000000310596e-01 1.400000000000000000e+02
1.064000000000000000e+03 1.280000000000000000e+02 1.890060999994602753e-01 1.150000000000000000e+02
1.648000000000000000e+03 1.280000000000000000e+02 2.559342000004107831e-01 1.640000000000000000e+02
2.464000000000000000e+03 2.560000000000000000e+02 3.361434999997072737e-01 2.090000000000000000e+02
3.160000000000000000e+03 2.560000000000000000e+02 4.154410000001007575e-01 2.600000000000000000e+02
5.068000000000000000e+03 5.120000000000000000e+02 6.570923999997830833e-01 3.630000000000000000e+02
1.292000000000000000e+03 1.280000000000000000e+02 2.105507999995097634e-01 1.330000000000000000e+02
1.764000000000000000e+03 1.280000000000000000e+02 2.667094999997061677e-01 1.680000000000000000e+02
2.316000000000000000e+03 2.560000000000000000e+02 2.953014999993683887e-01 1.930000000000000000e+02
1.168000000000000000e+03 1.280000000000000000e+02 1.936239000006025890e-01 1.250000000000000000e+02
3.136000000000000000e+03 2.560000000000000000e+02 4.278090000007068738e-01 2.580000000000000000e+02
3.868000000000000000e+03 2.560000000000000000e+02 5.144867999997586594e-01 3.190000000000000000e+02
1.768000000000000000e+03 1.280000000000000000e+02 2.723625999997238978e-01 1.650000000000000000e+02
2.864000000000000000e+03 2.560000000000000000e+02 3.843884000007165014e-01 2.330000000000000000e+02
3.004000000000000000e+03 2.560000000000000000e+02 3.775850000001810258e-01 2.420000000000000000e+02
1.324000000000000000e+03 1.280000000000000000e+02 2.088988000004974310e-01 1.370000000000000000e+02
2.800000000000000000e+03 2.560000000000000000e+02 3.583023000001048786e-01 2.290000000000000000e+02
1.508000000000000000e+03 1.280000000000000000e+02 2.447480000000723521e-01 1.540000000000000000e+02
2.388000000000000000e+03 2.560000000000000000e+02 3.235428000007232185e-01 1.990000000000000000e+02
6.600000000000000000e+02 6.400000000000000000e+01 1.570295000001351582e-01 8.700000000000000000e+01
2.924000000000000000e+03 2.560000000000000000e+02 3.738244999995004036e-01 2.440000000000000000e+02
6.280000000000000000e+03 5.120000000000000000e+02 6.840583000002879999e-01 4.220000000000000000e+02
3.500000000000000000e+03 2.560000000000000000e+02 4.653380999998262268e-01 2.950000000000000000e+02
9.240000000000000000e+02 6.400000000000000000e+01 1.691178999999465304e-01 1.130000000000000000e+02
1.580000000000000000e+03 1.280000000000000000e+02 2.713232999994943384e-01 1.560000000000000000e+02
3.180000000000000000e+03 2.560000000000000000e+02 4.114275000001725857e-01 2.620000000000000000e+02
1.488000000000000000e+03 1.280000000000000000e+02 2.543049999994764221e-01 1.560000000000000000e+02
9.760000000000000000e+02 6.400000000000000000e+01 1.715947999991840334e-01 1.130000000000000000e+02
7.520000000000000000e+02 6.400000000000000000e+01 1.524218000004111673e-01 9.800000000000000000e+01
2.056000000000000000e+03 1.280000000000000000e+02 3.075503000000026077e-01 1.910000000000000000e+02
3.048000000000000000e+03 2.560000000000000000e+02 3.914435999995475868e-01 2.420000000000000000e+02
6.560000000000000000e+02 6.400000000000000000e+01 1.325532999999268213e-01 8.700000000000000000e+01
2.616000000000000000e+03 2.560000000000000000e+02 3.751513999995950144e-01 2.300000000000000000e+02
3.068000000000000000e+03 2.560000000000000000e+02 3.904881999997087405e-01 2.510000000000000000e+02
2.560000000000000000e+03 2.560000000000000000e+02 3.544051999997464009e-01 2.210000000000000000e+02
3.392000000000000000e+03 2.560000000000000000e+02 5.115977000004932052e-01 2.840000000000000000e+02
2.984000000000000000e+03 2.560000000000000000e+02 4.002623999995194026e-01 2.460000000000000000e+02
2.180000000000000000e+03 2.560000000000000000e+02 3.052235999994081794e-01 1.860000000000000000e+02
1.552000000000000000e+03 1.280000000000000000e+02 2.459035000001676963e-01 1.560000000000000000e+02
1.504000000000000000e+03 1.280000000000000000e+02 2.654303999997864594e-01 1.600000000000000000e+02
2.992000000000000000e+03 2.560000000000000000e+02 3.916174999994836980e-01 2.460000000000000000e+02
5.348000000000000000e+03 5.120000000000000000e+02 5.835907999999108142e-01 3.700000000000000000e+02
2.396000000000000000e+03 2.560000000000000000e+02 3.299981000000116182e-01 2.010000000000000000e+02
3.940000000000000000e+03 2.560000000000000000e+02 4.659359999996013357e-01 2.960000000000000000e+02
3.012000000000000000e+03 2.560000000000000000e+02 4.017595999994227896e-01 2.470000000000000000e+02
4.920000000000000000e+02 3.200000000000000000e+01 1.182116999998470419e-01 7.800000000000000000e+01
3.056000000000000000e+03 2.560000000000000000e+02 3.795977999998285668e-01 2.490000000000000000e+02
1.068000000000000000e+03 1.280000000000000000e+02 1.699687000000267290e-01 1.100000000000000000e+02
1.904000000000000000e+03 1.280000000000000000e+02 2.714632000006531598e-01 1.700000000000000000e+02
1.732000000000000000e+03 1.280000000000000000e+02 2.777096999998320825e-01 1.740000000000000000e+02
3.200000000000000000e+03 2.560000000000000000e+02 4.203451000003042282e-01 2.660000000000000000e+02
1.440000000000000000e+03 1.280000000000000000e+02 2.269480000004477915e-01 1.480000000000000000e+02
6.880000000000000000e+02 6.400000000000000000e+01 1.480897000001277775e-01 9.100000000000000000e+01
2.508000000000000000e+03 2.560000000000000000e+02 3.651855000007344643e-01 2.150000000000000000e+02
1.484000000000000000e+03 1.280000000000000000e+02 2.408593000000109896e-01 1.560000000000000000e+02
1.604000000000000000e+03 1.280000000000000000e+02 2.713471999995817896e-01 1.690000000000000000e+02
1.392000000000000000e+03 1.280000000000000000e+02 2.324320999996416504e-01 1.460000000000000000e+02
2.456000000000000000e+03 2.560000000000000000e+02 3.225996999999551917e-01 2.110000000000000000e+02
5.128000000000000000e+03 5.120000000000000000e+02 5.427135999998426996e-01 3.510000000000000000e+02
2.040000000000000000e+03 1.280000000000000000e+02 3.151976999997714302e-01 1.880000000000000000e+02
2.544000000000000000e+03 2.560000000000000000e+02 3.484795000003941823e-01 2.250000000000000000e+02
1.440000000000000000e+03 1.280000000000000000e+02 2.333202999998320593e-01 1.490000000000000000e+02
1.376000000000000000e+03 1.280000000000000000e+02 2.291113000001132605e-01 1.420000000000000000e+02
1.576000000000000000e+03 1.280000000000000000e+02 2.751533000000563334e-01 1.670000000000000000e+02
1.444000000000000000e+03 1.280000000000000000e+02 2.297788000005311915e-01 1.500000000000000000e+02
1.708000000000000000e+03 1.280000000000000000e+02 2.831679000000804081e-01 1.730000000000000000e+02
2.360000000000000000e+03 2.560000000000000000e+02 3.304775000005975016e-01 2.000000000000000000e+02
3.016000000000000000e+03 2.560000000000000000e+02 4.179932999995799037e-01 2.470000000000000000e+02
3.364000000000000000e+03 2.560000000000000000e+02 4.330515999999988708e-01 2.630000000000000000e+02
7.680000000000000000e+02 6.400000000000000000e+01 1.618764000004375703e-01 1.010000000000000000e+02
3.360000000000000000e+03 2.560000000000000000e+02 4.260497000004761503e-01 2.770000000000000000e+02
1.520000000000000000e+03 1.280000000000000000e+02 2.320491000000401982e-01 1.530000000000000000e+02
1.392000000000000000e+03 1.280000000000000000e+02 2.391846000000441563e-01 1.490000000000000000e+02
2.440000000000000000e+03 2.560000000000000000e+02 3.281480999994528247e-01 2.070000000000000000e+02
2.368000000000000000e+03 2.560000000000000000e+02 3.162281000004441012e-01 2.010000000000000000e+02
1.904000000000000000e+03 1.280000000000000000e+02 2.954429000001255190e-01 1.900000000000000000e+02
3.024000000000000000e+03 2.560000000000000000e+02 3.736542000006011222e-01 2.450000000000000000e+02
2.436000000000000000e+03 2.560000000000000000e+02 3.251871000002211076e-01 2.020000000000000000e+02
2.840000000000000000e+03 2.560000000000000000e+02 3.701657000001432607e-01 2.330000000000000000e+02
3.260000000000000000e+03 2.560000000000000000e+02 4.253162999993946869e-01 2.720000000000000000e+02
2.340000000000000000e+03 2.560000000000000000e+02 3.149323000006916118e-01 1.980000000000000000e+02
2.740000000000000000e+03 2.560000000000000000e+02 3.751973999997062492e-01 2.240000000000000000e+02
6.920000000000000000e+02 6.400000000000000000e+01 1.464727000002312707e-01 9.600000000000000000e+01
3.052000000000000000e+03 2.560000000000000000e+02 3.918112999999721069e-01 2.480000000000000000e+02
6.376000000000000000e+03 5.120000000000000000e+02 7.011091000003943918e-01 4.340000000000000000e+02
1.880000000000000000e+03 1.280000000000000000e+02 3.432854000002407702e-01 1.820000000000000000e+02
3.284000000000000000e+03 2.560000000000000000e+02 5.925053000000843895e-01 2.750000000000000000e+02
1.380000000000000000e+03 1.280000000000000000e+02 2.186811000001398497e-01 1.380000000000000000e+02
2.892000000000000000e+03 2.560000000000000000e+02 4.448106999998344691e-01 2.390000000000000000e+02
1.336000000000000000e+03 1.280000000000000000e+02 2.112145999999484047e-01 1.380000000000000000e+02
1.448000000000000000e+03 1.280000000000000000e+02 2.311586999994688085e-01 1.510000000000000000e+02
2.528000000000000000e+03 2.560000000000000000e+02 3.373134000003119581e-01 2.190000000000000000e+02
1.504000000000000000e+03 1.280000000000000000e+02 2.590935999996872852e-01 1.590000000000000000e+02
2.336000000000000000e+03 2.560000000000000000e+02 3.107980999993742444e-01 1.960000000000000000e+02
3.112000000000000000e+03 2.560000000000000000e+02 4.102768000002470217e-01 2.580000000000000000e+02
3.196000000000000000e+03 2.560000000000000000e+02 4.254442000001290580e-01 2.660000000000000000e+02
2.716000000000000000e+03 2.560000000000000000e+02 3.770848000003752531e-01 2.310000000000000000e+02
2.416000000000000000e+03 2.560000000000000000e+02 3.216302000000723638e-01 2.060000000000000000e+02
1.608000000000000000e+03 1.280000000000000000e+02 2.671162000006006565e-01 1.620000000000000000e+02
1.636000000000000000e+03 1.280000000000000000e+02 2.472539999998843996e-01 1.650000000000000000e+02
1.616000000000000000e+03 1.280000000000000000e+02 2.586464999994859681e-01 1.610000000000000000e+02
9.320000000000000000e+02 6.400000000000000000e+01 1.855580000001282315e-01 1.130000000000000000e+02
2.828000000000000000e+03 2.560000000000000000e+02 3.770653999999922235e-01 2.350000000000000000e+02
3.584000000000000000e+03 2.560000000000000000e+02 4.899575999997978215e-01 3.010000000000000000e+02
2.524000000000000000e+03 2.560000000000000000e+02 3.394320000006700866e-01 2.170000000000000000e+02
2.616000000000000000e+03 2.560000000000000000e+02 3.371294999997189734e-01 2.200000000000000000e+02
3.184000000000000000e+03 2.560000000000000000e+02 4.062668999995366903e-01 2.640000000000000000e+02
1.292000000000000000e+03 1.280000000000000000e+02 2.069633000000976608e-01 1.290000000000000000e+02
2.048000000000000000e+03 1.280000000000000000e+02 3.074870999998893240e-01 1.890000000000000000e+02
6.240000000000000000e+02 6.400000000000000000e+01 1.366384000002653920e-01 8.400000000000000000e+01
3.204000000000000000e+03 2.560000000000000000e+02 4.162673000000722823e-01 2.620000000000000000e+02
2.352000000000000000e+03 2.560000000000000000e+02 3.093091999999160180e-01 1.960000000000000000e+02
1.444000000000000000e+03 1.280000000000000000e+02 2.298596000000543427e-01 1.500000000000000000e+02
2.912000000000000000e+03 2.560000000000000000e+02 3.825827000000572298e-01 2.410000000000000000e+02
1.272000000000000000e+03 1.280000000000000000e+02 2.202317999999650056e-01 1.340000000000000000e+02
1.384000000000000000e+03 1.280000000000000000e+02 2.169082000000344124e-01 1.410000000000000000e+02
1.048000000000000000e+03 1.280000000000000000e+02 1.681042999998680898e-01 1.120000000000000000e+02
1.480000000000000000e+03 1.280000000000000000e+02 2.409139999999752035e-01 1.550000000000000000e+02
4.696000000000000000e+03 5.120000000000000000e+02 5.116869000003134715e-01 3.230000000000000000e+02
6.448000000000000000e+03 5.120000000000000000e+02 6.965606000003390363e-01 4.430000000000000000e+02
1.612000000000000000e+03 1.280000000000000000e+02 2.646059999997305567e-01 1.600000000000000000e+02
3.504000000000000000e+03 2.560000000000000000e+02 4.376474999999118154e-01 2.810000000000000000e+02
3.348000000000000000e+03 2.560000000000000000e+02 4.432555000003048917e-01 2.740000000000000000e+02
2.556000000000000000e+03 2.560000000000000000e+02 3.419002000000546104e-01 2.160000000000000000e+02
3.304000000000000000e+03 2.560000000000000000e+02 4.299924000006285496e-01 2.690000000000000000e+02
1.636000000000000000e+03 1.280000000000000000e+02 2.590489000003799447e-01 1.650000000000000000e+02
1.540000000000000000e+03 1.280000000000000000e+02 2.366357000000789412e-01 1.570000000000000000e+02
1.632000000000000000e+03 1.280000000000000000e+02 2.503854000005958369e-01 1.620000000000000000e+02
1.364000000000000000e+03 1.280000000000000000e+02 2.151771999997436069e-01 1.420000000000000000e+02
1.548000000000000000e+03 1.280000000000000000e+02 2.270047000001795823e-01 1.490000000000000000e+02
3.480000000000000000e+03 2.560000000000000000e+02 4.754467000002478017e-01 2.940000000000000000e+02
3.120000000000000000e+03 2.560000000000000000e+02 4.048513999996430357e-01 2.600000000000000000e+02
2.500000000000000000e+03 2.560000000000000000e+02 3.267832000001362758e-01 2.100000000000000000e+02
2.432000000000000000e+03 2.560000000000000000e+02 3.229963000003408524e-01 2.110000000000000000e+02
2.332000000000000000e+03 2.560000000000000000e+02 3.018388000000413740e-01 1.960000000000000000e+02
2.920000000000000000e+03 2.560000000000000000e+02 4.111555999998017796e-01 2.360000000000000000e+02
1.512000000000000000e+03 1.280000000000000000e+02 2.513732000006712042e-01 1.580000000000000000e+02
3.136000000000000000e+03 2.560000000000000000e+02 3.731820000002699089e-01 2.430000000000000000e+02
2.496000000000000000e+03 2.560000000000000000e+02 3.448838000003888737e-01 2.130000000000000000e+02
1.492000000000000000e+03 1.280000000000000000e+02 2.426270999994812883e-01 1.580000000000000000e+02
2.576000000000000000e+03 2.560000000000000000e+02 3.299696000003677909e-01 2.140000000000000000e+02
2.720000000000000000e+03 2.560000000000000000e+02 3.594401999998808606e-01 2.330000000000000000e+02
2.956000000000000000e+03 2.560000000000000000e+02 3.857333000005382928e-01 2.470000000000000000e+02
2.872000000000000000e+03 2.560000000000000000e+02 3.617553999993106117e-01 2.360000000000000000e+02
3.352000000000000000e+03 2.560000000000000000e+02 4.667282999998860760e-01 2.760000000000000000e+02
2.536000000000000000e+03 2.560000000000000000e+02 3.419911000000865897e-01 2.110000000000000000e+02
2.252000000000000000e+03 1.280000000000000000e+02 3.214822999998432351e-01 2.100000000000000000e+02
1.240000000000000000e+03 1.280000000000000000e+02 1.988665999997465406e-01 1.320000000000000000e+02
3.340000000000000000e+03 2.560000000000000000e+02 4.188364000001456589e-01 2.710000000000000000e+02
2.372000000000000000e+03 2.560000000000000000e+02 3.090874999998050043e-01 1.960000000000000000e+02
8.160000000000000000e+02 6.400000000000000000e+01 1.846388000003571506e-01 1.080000000000000000e+02
1.324000000000000000e+03 1.280000000000000000e+02 2.243283999996492639e-01 1.380000000000000000e+02
1.212000000000000000e+03 1.280000000000000000e+02 2.124204000001554959e-01 1.340000000000000000e+02
1.468000000000000000e+03 1.280000000000000000e+02 2.451746999995521037e-01 1.550000000000000000e+02
1.612000000000000000e+03 1.280000000000000000e+02 2.706556000002819928e-01 1.650000000000000000e+02
3.148000000000000000e+03 2.560000000000000000e+02 3.981942000000344706e-01 2.590000000000000000e+02
3.056000000000000000e+03 2.560000000000000000e+02 3.953034999994997634e-01 2.480000000000000000e+02
7.440000000000000000e+02 6.400000000000000000e+01 1.672805999996853643e-01 1.000000000000000000e+02
1.504000000000000000e+03 1.280000000000000000e+02 2.215145000000120490e-01 1.480000000000000000e+02
1.692000000000000000e+03 1.280000000000000000e+02 2.660484000007272698e-01 1.720000000000000000e+02
3.204000000000000000e+03 2.560000000000000000e+02 4.370556000003489316e-01 2.690000000000000000e+02
3.120000000000000000e+03 2.560000000000000000e+02 4.133718999992197496e-01 2.620000000000000000e+02
1.520000000000000000e+03 1.280000000000000000e+02 2.424703000006047660e-01 1.590000000000000000e+02
3.080000000000000000e+03 2.560000000000000000e+02 4.150712999999086605e-01 2.540000000000000000e+02
1.424000000000000000e+03 1.280000000000000000e+02 2.325347999994846759e-01 1.490000000000000000e+02
3.152000000000000000e+03 2.560000000000000000e+02 4.056866999999328982e-01 2.600000000000000000e+02
3.056000000000000000e+03 2.560000000000000000e+02 3.997956999992311466e-01 2.520000000000000000e+02
1.564000000000000000e+03 1.280000000000000000e+02 2.491787999997541192e-01 1.630000000000000000e+02
5.272000000000000000e+03 5.120000000000000000e+02 5.613198000000920729e-01 3.590000000000000000e+02
2.376000000000000000e+03 2.560000000000000000e+02 3.312686999997822568e-01 2.030000000000000000e+02
2.432000000000000000e+03 2.560000000000000000e+02 3.091938000006848597e-01 2.030000000000000000e+02
3.768000000000000000e+03 2.560000000000000000e+02 4.898994999994101818e-01 3.020000000000000000e+02
1.436000000000000000e+03 1.280000000000000000e+02 2.339618999994854676e-01 1.480000000000000000e+02
5.408000000000000000e+03 5.120000000000000000e+02 6.378041999996639788e-01 3.770000000000000000e+02
1.608000000000000000e+03 1.280000000000000000e+02 2.618704999995316030e-01 1.580000000000000000e+02
1.540000000000000000e+03 1.280000000000000000e+02 2.543764000001829118e-01 1.580000000000000000e+02
1.544000000000000000e+03 1.280000000000000000e+02 2.563903999998728978e-01 1.630000000000000000e+02
1.780000000000000000e+03 1.280000000000000000e+02 2.949716000002808869e-01 1.790000000000000000e+02
8.280000000000000000e+02 6.400000000000000000e+01 1.784181999992142664e-01 1.080000000000000000e+02
2.488000000000000000e+03 2.560000000000000000e+02 3.486525999996956671e-01 2.140000000000000000e+02
2.356000000000000000e+03 2.560000000000000000e+02 3.147126999992906349e-01 1.990000000000000000e+02
1.224000000000000000e+03 1.280000000000000000e+02 2.353451999997560051e-01 1.290000000000000000e+02
2.876000000000000000e+03 2.560000000000000000e+02 3.715168999997331412e-01 2.350000000000000000e+02
1.472000000000000000e+03 1.280000000000000000e+02 2.351846999999906984e-01 1.530000000000000000e+02
1.096000000000000000e+03 1.280000000000000000e+02 1.798986000003424124e-01 1.160000000000000000e+02
2.468000000000000000e+03 2.560000000000000000e+02 3.289372999997794977e-01 2.090000000000000000e+02
2.808000000000000000e+03 2.560000000000000000e+02 3.547693000000435859e-01 2.320000000000000000e+02
3.176000000000000000e+03 2.560000000000000000e+02 4.251709999998638523e-01 2.670000000000000000e+02
3.068000000000000000e+03 2.560000000000000000e+02 4.145637000001443084e-01 2.540000000000000000e+02
3.032000000000000000e+03 2.560000000000000000e+02 3.718565000008311472e-01 2.430000000000000000e+02
1.068000000000000000e+03 1.280000000000000000e+02 1.668466999999509426e-01 1.110000000000000000e+02
2.344000000000000000e+03 2.560000000000000000e+02 3.126199999996970291e-01 2.000000000000000000e+02
1.632000000000000000e+03 1.280000000000000000e+02 2.490289000006669085e-01 1.650000000000000000e+02
1.480000000000000000e+03 1.280000000000000000e+02 2.359778999998525251e-01 1.540000000000000000e+02
1.372000000000000000e+03 1.280000000000000000e+02 2.172143999996478669e-01 1.410000000000000000e+02
1.292000000000000000e+03 1.280000000000000000e+02 2.311359999994238024e-01 1.390000000000000000e+02
6.240000000000000000e+02 6.400000000000000000e+01 1.246413000008033123e-01 8.500000000000000000e+01
4.884000000000000000e+03 5.120000000000000000e+02 5.395605000003342866e-01 3.370000000000000000e+02
2.440000000000000000e+03 2.560000000000000000e+02 3.345151000003170338e-01 2.070000000000000000e+02
3.248000000000000000e+03 2.560000000000000000e+02 4.102127999994991114e-01 2.670000000000000000e+02
2.420000000000000000e+03 2.560000000000000000e+02 3.322312000000238186e-01 2.100000000000000000e+02
3.008000000000000000e+03 2.560000000000000000e+02 4.285201000002416549e-01 2.490000000000000000e+02
3.368000000000000000e+03 2.560000000000000000e+02 4.572250000001076842e-01 2.780000000000000000e+02
1.288000000000000000e+03 1.280000000000000000e+02 2.032551000002058572e-01 1.350000000000000000e+02
2.428000000000000000e+03 2.560000000000000000e+02 3.351935000000594300e-01 2.050000000000000000e+02
1.464000000000000000e+03 1.280000000000000000e+02 2.296296000004076632e-01 1.500000000000000000e+02
2.660000000000000000e+03 2.560000000000000000e+02 3.655003000003489433e-01 2.260000000000000000e+02
2.412000000000000000e+03 2.560000000000000000e+02 3.020354999998744461e-01 2.010000000000000000e+02
2.224000000000000000e+03 2.560000000000000000e+02 2.890295999995942111e-01 1.850000000000000000e+02
1.504000000000000000e+03 1.280000000000000000e+02 2.494790999999167980e-01 1.610000000000000000e+02
1.532000000000000000e+03 1.280000000000000000e+02 2.497524999998859130e-01 1.600000000000000000e+02
2.372000000000000000e+03 2.560000000000000000e+02 3.140032999999675667e-01 1.950000000000000000e+02
1.528000000000000000e+03 1.280000000000000000e+02 2.369034999992436497e-01 1.550000000000000000e+02
2.888000000000000000e+03 2.560000000000000000e+02 3.824168000001009204e-01 2.380000000000000000e+02
3.068000000000000000e+03 2.560000000000000000e+02 3.906077000001459965e-01 2.410000000000000000e+02
2.212000000000000000e+03 2.560000000000000000e+02 2.978738000001612818e-01 1.890000000000000000e+02
5.108000000000000000e+03 5.120000000000000000e+02 5.510390999997980543e-01 3.470000000000000000e+02
2.088000000000000000e+03 2.560000000000000000e+02 2.637916000003315276e-01 1.760000000000000000e+02
2.932000000000000000e+03 2.560000000000000000e+02 3.657143999998879735e-01 2.340000000000000000e+02
2.084000000000000000e+03 1.280000000000000000e+02 3.192045000005236943e-01 1.980000000000000000e+02
3.280000000000000000e+03 2.560000000000000000e+02 4.210679999996500555e-01 2.610000000000000000e+02
3.012000000000000000e+03 2.560000000000000000e+02 3.878303000001324108e-01 2.430000000000000000e+02
2.600000000000000000e+03 2.560000000000000000e+02 3.646251000000120257e-01 2.200000000000000000e+02
3.624000000000000000e+03 2.560000000000000000e+02 4.438448000000789762e-01 2.800000000000000000e+02
3.136000000000000000e+03 2.560000000000000000e+02 4.152846999995745136e-01 2.580000000000000000e+02
8.000000000000000000e+02 6.400000000000000000e+01 1.669800999998187763e-01 1.070000000000000000e+02
2.208000000000000000e+03 2.560000000000000000e+02 2.933055999992575380e-01 1.870000000000000000e+02
1.280000000000000000e+03 1.280000000000000000e+02 2.175176000000647036e-01 1.340000000000000000e+02
1.420000000000000000e+03 1.280000000000000000e+02 2.633469999991575605e-01 1.450000000000000000e+02
1.664000000000000000e+03 1.280000000000000000e+02 2.647052000002076966e-01 1.700000000000000000e+02
2.980000000000000000e+03 2.560000000000000000e+02 3.869002000001273700e-01 2.460000000000000000e+02
3.808000000000000000e+03 2.560000000000000000e+02 4.881063999991965829e-01 3.050000000000000000e+02
1.452000000000000000e+03 1.280000000000000000e+02 2.384602000001905253e-01 1.520000000000000000e+02
1.376000000000000000e+03 1.280000000000000000e+02 2.965621000003011432e-01 1.440000000000000000e+02
1.432000000000000000e+03 1.280000000000000000e+02 3.026612000003296998e-01 1.470000000000000000e+02
8.080000000000000000e+02 6.400000000000000000e+01 2.163863999994646292e-01 1.030000000000000000e+02
1.600000000000000000e+03 1.280000000000000000e+02 3.293551999995543156e-01 1.620000000000000000e+02
2.556000000000000000e+03 2.560000000000000000e+02 3.782654999995429534e-01 2.190000000000000000e+02
3.176000000000000000e+03 2.560000000000000000e+02 4.710975000007238123e-01 2.620000000000000000e+02
1.604000000000000000e+03 1.280000000000000000e+02 2.790275999996083556e-01 1.590000000000000000e+02
1.384000000000000000e+03 1.280000000000000000e+02 2.906898000001092441e-01 1.470000000000000000e+02
1.064000000000000000e+03 1.280000000000000000e+02 2.256278000004385831e-01 1.160000000000000000e+02
1.424000000000000000e+03 1.280000000000000000e+02 2.758666999998240499e-01 1.450000000000000000e+02
1.224000000000000000e+03 1.280000000000000000e+02 2.757072000003972789e-01 1.330000000000000000e+02
3.104000000000000000e+03 2.560000000000000000e+02 4.969973999996000202e-01 2.560000000000000000e+02
3.156000000000000000e+03 2.560000000000000000e+02 5.064170000005105976e-01 2.570000000000000000e+02
2.376000000000000000e+03 2.560000000000000000e+02 4.146607000002404675e-01 2.030000000000000000e+02
1.144000000000000000e+03 1.280000000000000000e+02 2.325947999997879378e-01 1.240000000000000000e+02
2.032000000000000000e+03 1.280000000000000000e+02 4.180022999998982414e-01 2.000000000000000000e+02
2.424000000000000000e+03 2.560000000000000000e+02 5.703327999999601161e-01 2.030000000000000000e+02
8.240000000000000000e+02 6.400000000000000000e+01 2.878043999999135849e-01 1.070000000000000000e+02
1.520000000000000000e+03 1.280000000000000000e+02 4.290410000003248570e-01 1.510000000000000000e+02
2.844000000000000000e+03 2.560000000000000000e+02 5.346166999997876701e-01 2.390000000000000000e+02
2.672000000000000000e+03 2.560000000000000000e+02 4.017952000003788271e-01 2.220000000000000000e+02
2.824000000000000000e+03 2.560000000000000000e+02 4.009624000000258093e-01 2.280000000000000000e+02
1.772000000000000000e+03 1.280000000000000000e+02 3.999998999997842475e-01 1.830000000000000000e+02
2.660000000000000000e+03 2.560000000000000000e+02 4.560027000006812159e-01 2.270000000000000000e+02
2.472000000000000000e+03 2.560000000000000000e+02 4.048221000002740766e-01 2.200000000000000000e+02
1.384000000000000000e+03 1.280000000000000000e+02 2.634740000003148452e-01 1.430000000000000000e+02
3.100000000000000000e+03 2.560000000000000000e+02 4.793505000006916816e-01 2.490000000000000000e+02
3.144000000000000000e+03 2.560000000000000000e+02 4.802300999999715714e-01 2.550000000000000000e+02
2.344000000000000000e+03 2.560000000000000000e+02 3.613832000000911648e-01 1.950000000000000000e+02
3.000000000000000000e+03 2.560000000000000000e+02 4.850377000002481509e-01 2.470000000000000000e+02
2.116000000000000000e+03 2.560000000000000000e+02 3.387615999999979977e-01 1.760000000000000000e+02
2.732000000000000000e+03 2.560000000000000000e+02 3.945260000000416767e-01 2.160000000000000000e+02
1.360000000000000000e+03 1.280000000000000000e+02 2.663978000000497559e-01 1.420000000000000000e+02
1.332000000000000000e+03 1.280000000000000000e+02 2.257629000005181297e-01 1.340000000000000000e+02
1.324000000000000000e+03 1.280000000000000000e+02 2.469857000005504233e-01 1.360000000000000000e+02
5.560000000000000000e+03 5.120000000000000000e+02 7.364582000000154949e-01 3.950000000000000000e+02
1.676000000000000000e+03 1.280000000000000000e+02 3.199260000001231674e-01 1.710000000000000000e+02
2.148000000000000000e+03 1.280000000000000000e+02 3.663716000000931672e-01 2.020000000000000000e+02
2.504000000000000000e+03 2.560000000000000000e+02 3.830534999997325940e-01 2.120000000000000000e+02
1.912000000000000000e+03 1.280000000000000000e+02 3.447334000002229004e-01 1.850000000000000000e+02
1.492000000000000000e+03 1.280000000000000000e+02 2.588032000003295252e-01 1.500000000000000000e+02
2.632000000000000000e+03 2.560000000000000000e+02 4.075374000003648689e-01 2.230000000000000000e+02
2.752000000000000000e+03 2.560000000000000000e+02 4.075183000004471978e-01 2.210000000000000000e+02
3.096000000000000000e+03 2.560000000000000000e+02 4.396854000005987473e-01 2.540000000000000000e+02
4.756000000000000000e+03 5.120000000000000000e+02 5.686325999995460734e-01 3.220000000000000000e+02
3.196000000000000000e+03 2.560000000000000000e+02 5.082419999998819549e-01 2.670000000000000000e+02
1.372000000000000000e+03 1.280000000000000000e+02 2.744687000003978028e-01 1.450000000000000000e+02
1.500000000000000000e+03 1.280000000000000000e+02 2.922103000000788597e-01 1.500000000000000000e+02
9.640000000000000000e+02 6.400000000000000000e+01 2.171446000002106302e-01 1.140000000000000000e+02
2.504000000000000000e+03 2.560000000000000000e+02 4.404732999992120313e-01 2.080000000000000000e+02
2.304000000000000000e+03 2.560000000000000000e+02 3.866638999998031068e-01 1.900000000000000000e+02
1.336000000000000000e+03 1.280000000000000000e+02 3.166163000005326467e-01 1.450000000000000000e+02
2.332000000000000000e+03 2.560000000000000000e+02 3.594084000005750568e-01 1.970000000000000000e+02
3.372000000000000000e+03 2.560000000000000000e+02 5.226386000003913068e-01 2.790000000000000000e+02
2.976000000000000000e+03 2.560000000000000000e+02 4.551830999998855987e-01 2.480000000000000000e+02
2.780000000000000000e+03 2.560000000000000000e+02 4.129604999998264248e-01 2.240000000000000000e+02
1.700000000000000000e+03 1.280000000000000000e+02 3.108495999995284365e-01 1.690000000000000000e+02
3.368000000000000000e+03 2.560000000000000000e+02 5.318851000001814100e-01 2.740000000000000000e+02
3.048000000000000000e+03 2.560000000000000000e+02 4.970554999999876600e-01 2.510000000000000000e+02
1.724000000000000000e+03 1.280000000000000000e+02 3.417449999997188570e-01 1.710000000000000000e+02
2.232000000000000000e+03 1.280000000000000000e+02 4.541691000003993395e-01 2.140000000000000000e+02
1.760000000000000000e+03 1.280000000000000000e+02 4.099307999995289720e-01 1.800000000000000000e+02
1.864000000000000000e+03 1.280000000000000000e+02 3.230698999996093335e-01 1.770000000000000000e+02
1.628000000000000000e+03 1.280000000000000000e+02 3.106535999995685415e-01 1.640000000000000000e+02
3.252000000000000000e+03 2.560000000000000000e+02 5.644175999996150495e-01 2.730000000000000000e+02
2.672000000000000000e+03 2.560000000000000000e+02 6.240560000005643815e-01 2.280000000000000000e+02
1.440000000000000000e+03 1.280000000000000000e+02 4.528181999994558282e-01 1.490000000000000000e+02
3.200000000000000000e+03 2.560000000000000000e+02 7.124102999996466679e-01 2.670000000000000000e+02
1.920000000000000000e+03 1.280000000000000000e+02 4.278939000005266280e-01 1.770000000000000000e+02
1.392000000000000000e+03 1.280000000000000000e+02 2.652672000003803987e-01 1.480000000000000000e+02
3.064000000000000000e+03 2.560000000000000000e+02 4.457043000002158806e-01 2.480000000000000000e+02
1.052000000000000000e+03 1.280000000000000000e+02 1.935992000007900060e-01 1.130000000000000000e+02
1.524000000000000000e+03 1.280000000000000000e+02 2.990224999994097743e-01 1.570000000000000000e+02
1.196000000000000000e+03 1.280000000000000000e+02 2.446872999998959131e-01 1.240000000000000000e+02
3.396000000000000000e+03 2.560000000000000000e+02 5.818878000000040629e-01 2.780000000000000000e+02
1.472000000000000000e+03 1.280000000000000000e+02 3.236948999992819154e-01 1.530000000000000000e+02
7.320000000000000000e+02 6.400000000000000000e+01 1.997849999997924897e-01 9.900000000000000000e+01
3.372000000000000000e+03 2.560000000000000000e+02 6.131523000003653578e-01 2.800000000000000000e+02
1.428000000000000000e+03 1.280000000000000000e+02 2.923165000001972658e-01 1.500000000000000000e+02
3.076000000000000000e+03 2.560000000000000000e+02 5.550975999994989252e-01 2.530000000000000000e+02
1.476000000000000000e+03 1.280000000000000000e+02 3.086820000007719500e-01 1.570000000000000000e+02
1.500000000000000000e+03 1.280000000000000000e+02 3.018269000003783731e-01 1.590000000000000000e+02
1.408000000000000000e+03 1.280000000000000000e+02 3.439924000003884430e-01 1.420000000000000000e+02
3.236000000000000000e+03 2.560000000000000000e+02 7.718597999992198311e-01 2.730000000000000000e+02
2.432000000000000000e+03 2.560000000000000000e+02 4.500313000007736264e-01 2.110000000000000000e+02
4.548000000000000000e+03 5.120000000000000000e+02 5.748352999999042368e-01 3.040000000000000000e+02
2.468000000000000000e+03 2.560000000000000000e+02 3.232465999999476480e-01 2.100000000000000000e+02
3.524000000000000000e+03 2.560000000000000000e+02 4.471036000004460220e-01 2.820000000000000000e+02
2.864000000000000000e+03 2.560000000000000000e+02 3.672360000000480795e-01 2.340000000000000000e+02
8.600000000000000000e+02 6.400000000000000000e+01 1.685747999999875901e-01 1.120000000000000000e+02
2.532000000000000000e+03 2.560000000000000000e+02 3.552027999994606944e-01 2.140000000000000000e+02
2.352000000000000000e+03 2.560000000000000000e+02 2.989453000000139582e-01 1.970000000000000000e+02
1.344000000000000000e+03 1.280000000000000000e+02 2.350265000004583271e-01 1.420000000000000000e+02
1.296000000000000000e+03 1.280000000000000000e+02 3.017835000000559376e-01 1.400000000000000000e+02
2.512000000000000000e+03 2.560000000000000000e+02 3.361713000003874185e-01 2.190000000000000000e+02
3.100000000000000000e+03 2.560000000000000000e+02 3.995052999998733867e-01 2.570000000000000000e+02
1.636000000000000000e+03 1.280000000000000000e+02 2.653663999999480438e-01 1.620000000000000000e+02
3.104000000000000000e+03 2.560000000000000000e+02 4.082013000006554648e-01 2.540000000000000000e+02
3.188000000000000000e+03 2.560000000000000000e+02 4.170893000000432949e-01 2.660000000000000000e+02
3.156000000000000000e+03 2.560000000000000000e+02 5.211641000005329261e-01 2.590000000000000000e+02
1.348000000000000000e+03 1.280000000000000000e+02 2.255451000000903150e-01 1.490000000000000000e+02
6.520000000000000000e+02 6.400000000000000000e+01 1.296154999999998836e-01 8.700000000000000000e+01
2.420000000000000000e+03 2.560000000000000000e+02 3.364852000004248112e-01 2.060000000000000000e+02
3.168000000000000000e+03 2.560000000000000000e+02 3.881071999994674115e-01 2.510000000000000000e+02
4.720000000000000000e+03 5.120000000000000000e+02 4.930027999998856103e-01 3.230000000000000000e+02
2.500000000000000000e+03 2.560000000000000000e+02 3.450270000003001769e-01 2.170000000000000000e+02
3.436000000000000000e+03 2.560000000000000000e+02 4.504600000000209548e-01 2.850000000000000000e+02
8.240000000000000000e+02 6.400000000000000000e+01 1.634685999997600447e-01 1.030000000000000000e+02
2.568000000000000000e+03 2.560000000000000000e+02 3.486492000001817360e-01 2.220000000000000000e+02
1.780000000000000000e+03 1.280000000000000000e+02 2.561881000001449138e-01 1.700000000000000000e+02
1.716000000000000000e+03 1.280000000000000000e+02 2.647215000006326591e-01 1.730000000000000000e+02
2.888000000000000000e+03 2.560000000000000000e+02 4.020023000002765912e-01 2.400000000000000000e+02
2.380000000000000000e+03 2.560000000000000000e+02 3.085175000005619950e-01 2.030000000000000000e+02
3.452000000000000000e+03 2.560000000000000000e+02 4.548378999998021754e-01 2.880000000000000000e+02
1.620000000000000000e+03 1.280000000000000000e+02 2.710569999999279389e-01 1.640000000000000000e+02
2.248000000000000000e+03 2.560000000000000000e+02 2.991345999998884508e-01 1.890000000000000000e+02
2.592000000000000000e+03 2.560000000000000000e+02 3.326876999999512918e-01 2.170000000000000000e+02
1.736000000000000000e+03 1.280000000000000000e+02 2.757285999996383907e-01 1.780000000000000000e+02
1.848000000000000000e+03 1.280000000000000000e+02 2.754260000001522712e-01 1.830000000000000000e+02
6.160000000000000000e+02 6.400000000000000000e+01 1.264199999995980761e-01 8.400000000000000000e+01
3.228000000000000000e+03 2.560000000000000000e+02 4.332245000005059410e-01 2.630000000000000000e+02
2.020000000000000000e+03 1.280000000000000000e+02 3.340184999997291015e-01 1.870000000000000000e+02
2.160000000000000000e+03 2.560000000000000000e+02 3.261444999998275307e-01 1.820000000000000000e+02
1.440000000000000000e+03 1.280000000000000000e+02 2.292348999999376247e-01 1.480000000000000000e+02
3.360000000000000000e+03 2.560000000000000000e+02 4.488527000003159628e-01 2.800000000000000000e+02
2.780000000000000000e+03 2.560000000000000000e+02 3.519670000005135080e-01 2.280000000000000000e+02
2.476000000000000000e+03 2.560000000000000000e+02 3.281290999993871083e-01 2.110000000000000000e+02
1.500000000000000000e+03 1.280000000000000000e+02 2.288949000003412948e-01 1.520000000000000000e+02
3.044000000000000000e+03 2.560000000000000000e+02 3.859841000003143563e-01 2.460000000000000000e+02
2.064000000000000000e+03 1.280000000000000000e+02 2.934079999995446997e-01 1.920000000000000000e+02
3.056000000000000000e+03 2.560000000000000000e+02 4.157532000008359319e-01 2.490000000000000000e+02
1.260000000000000000e+03 1.280000000000000000e+02 2.082282000001214328e-01 1.310000000000000000e+02
5.648000000000000000e+03 5.120000000000000000e+02 6.538277999998172163e-01 3.940000000000000000e+02
1.456000000000000000e+03 1.280000000000000000e+02 2.431954000003315741e-01 1.510000000000000000e+02
1.268000000000000000e+03 1.280000000000000000e+02 2.175511000004917150e-01 1.340000000000000000e+02
2.488000000000000000e+03 2.560000000000000000e+02 3.432394999999814900e-01 2.150000000000000000e+02
1.140000000000000000e+03 1.280000000000000000e+02 2.102507999998124433e-01 1.210000000000000000e+02
2.844000000000000000e+03 2.560000000000000000e+02 3.922605999996449100e-01 2.450000000000000000e+02
1.672000000000000000e+03 1.280000000000000000e+02 2.652916999995795777e-01 1.700000000000000000e+02
1.784000000000000000e+03 1.280000000000000000e+02 2.881089000002248213e-01 1.810000000000000000e+02
2.656000000000000000e+03 2.560000000000000000e+02 3.443336999998791725e-01 2.230000000000000000e+02
1.604000000000000000e+03 1.280000000000000000e+02 2.370845000004919712e-01 1.560000000000000000e+02
2.440000000000000000e+03 2.560000000000000000e+02 3.291147999998429441e-01 2.030000000000000000e+02
1.596000000000000000e+03 1.280000000000000000e+02 2.461428999995405320e-01 1.600000000000000000e+02
1.316000000000000000e+03 1.280000000000000000e+02 2.062022000000069966e-01 1.360000000000000000e+02
1.620000000000000000e+03 1.280000000000000000e+02 2.511322000000291155e-01 1.620000000000000000e+02
1.416000000000000000e+03 1.280000000000000000e+02 2.266532000003280700e-01 1.480000000000000000e+02
4.852000000000000000e+03 5.120000000000000000e+02 5.035913000001528417e-01 3.170000000000000000e+02
1.384000000000000000e+03 1.280000000000000000e+02 2.229235999993761652e-01 1.460000000000000000e+02
3.272000000000000000e+03 2.560000000000000000e+02 4.367136000000755303e-01 2.670000000000000000e+02
2.496000000000000000e+03 2.560000000000000000e+02 3.396140000004379544e-01 2.170000000000000000e+02
3.720000000000000000e+03 2.560000000000000000e+02 4.873581000001649954e-01 3.040000000000000000e+02
3.184000000000000000e+03 2.560000000000000000e+02 4.339576000002125511e-01 2.650000000000000000e+02
8.000000000000000000e+02 6.400000000000000000e+01 2.022703000002366025e-01 1.010000000000000000e+02
1.744000000000000000e+03 1.280000000000000000e+02 2.904287999999723979e-01 1.760000000000000000e+02
1.436000000000000000e+03 1.280000000000000000e+02 2.427975000000515138e-01 1.490000000000000000e+02
2.924000000000000000e+03 2.560000000000000000e+02 3.890247999997882289e-01 2.480000000000000000e+02
3.720000000000000000e+02 3.200000000000000000e+01 9.529220000058558071e-02 6.300000000000000000e+01
2.688000000000000000e+03 2.560000000000000000e+02 3.716625000006388291e-01 2.310000000000000000e+02
1.320000000000000000e+03 1.280000000000000000e+02 2.196895999995831517e-01 1.370000000000000000e+02
3.104000000000000000e+03 2.560000000000000000e+02 4.227285000006304472e-01 2.570000000000000000e+02
1.712000000000000000e+03 1.280000000000000000e+02 2.682998000000225147e-01 1.740000000000000000e+02
3.080000000000000000e+03 2.560000000000000000e+02 4.297540999996272149e-01 2.590000000000000000e+02
5.420000000000000000e+03 5.120000000000000000e+02 6.094665999999051564e-01 3.800000000000000000e+02
2.384000000000000000e+03 2.560000000000000000e+02 3.121526000004450907e-01 1.980000000000000000e+02
1.388000000000000000e+03 1.280000000000000000e+02 2.225363000006836955e-01 1.470000000000000000e+02
1.396000000000000000e+03 1.280000000000000000e+02 2.208828000002540648e-01 1.460000000000000000e+02
2.424000000000000000e+03 2.560000000000000000e+02 3.433702000002085697e-01 2.080000000000000000e+02
1.604000000000000000e+03 1.280000000000000000e+02 2.497165999993740115e-01 1.580000000000000000e+02
1.680000000000000000e+03 1.280000000000000000e+02 2.627516000002287910e-01 1.690000000000000000e+02
3.364000000000000000e+03 2.560000000000000000e+02 4.413174000001163222e-01 2.760000000000000000e+02
1.596000000000000000e+03 1.280000000000000000e+02 2.519687999993038829e-01 1.610000000000000000e+02
8.240000000000000000e+02 6.400000000000000000e+01 1.708190999997896142e-01 1.070000000000000000e+02
2.484000000000000000e+03 2.560000000000000000e+02 3.275268000006690272e-01 2.110000000000000000e+02
2.240000000000000000e+03 2.560000000000000000e+02 2.963152000002082787e-01 1.850000000000000000e+02
1.556000000000000000e+03 1.280000000000000000e+02 2.682601000005888636e-01 1.610000000000000000e+02
4.464000000000000000e+03 5.120000000000000000e+02 5.034639999994396931e-01 3.100000000000000000e+02
3.256000000000000000e+03 2.560000000000000000e+02 4.347750999995696475e-01 2.660000000000000000e+02
1.840000000000000000e+03 1.280000000000000000e+02 2.736058999998931540e-01 1.730000000000000000e+02
1.468000000000000000e+03 1.280000000000000000e+02 2.174457999999503954e-01 1.450000000000000000e+02
3.216000000000000000e+03 2.560000000000000000e+02 4.392704000001685927e-01 2.720000000000000000e+02
1.408000000000000000e+03 1.280000000000000000e+02 2.232245000004695612e-01 1.460000000000000000e+02
2.988000000000000000e+03 2.560000000000000000e+02 3.674675000002025627e-01 2.360000000000000000e+02
7.120000000000000000e+02 6.400000000000000000e+01 1.427280000007158378e-01 9.600000000000000000e+01
2.480000000000000000e+03 2.560000000000000000e+02 3.475188000002162880e-01 2.120000000000000000e+02
1.556000000000000000e+03 1.280000000000000000e+02 2.523283000000446918e-01 1.580000000000000000e+02
2.652000000000000000e+03 2.560000000000000000e+02 3.620726999997714302e-01 2.280000000000000000e+02
2.476000000000000000e+03 2.560000000000000000e+02 3.604471999997258536e-01 2.120000000000000000e+02
3.208000000000000000e+03 2.560000000000000000e+02 4.196966999998039682e-01 2.660000000000000000e+02
2.960000000000000000e+03 2.560000000000000000e+02 3.652308999999149819e-01 2.420000000000000000e+02
2.768000000000000000e+03 2.560000000000000000e+02 3.397218000000066240e-01 2.210000000000000000e+02
3.276000000000000000e+03 2.560000000000000000e+02 4.324334000002636458e-01 2.750000000000000000e+02
1.068000000000000000e+03 1.280000000000000000e+02 1.835409999994226382e-01 1.130000000000000000e+02
4.796000000000000000e+03 2.560000000000000000e+02 5.739256000006207614e-01 3.620000000000000000e+02
3.204000000000000000e+03 2.560000000000000000e+02 4.215751000001546345e-01 2.650000000000000000e+02
7.360000000000000000e+02 6.400000000000000000e+01 1.529939000001832028e-01 9.700000000000000000e+01
1.204000000000000000e+03 1.280000000000000000e+02 1.924980999992840225e-01 1.270000000000000000e+02
2.732000000000000000e+03 2.560000000000000000e+02 3.348726999993232312e-01 2.190000000000000000e+02
2.524000000000000000e+03 2.560000000000000000e+02 3.395585999996910687e-01 2.150000000000000000e+02
4.044000000000000000e+03 2.560000000000000000e+02 4.806446000002324581e-01 3.070000000000000000e+02
1.240000000000000000e+03 1.280000000000000000e+02 1.805284000001847744e-01 1.200000000000000000e+02
1.644000000000000000e+03 1.280000000000000000e+02 2.727497000005314476e-01 1.670000000000000000e+02
2.500000000000000000e+03 2.560000000000000000e+02 3.532072000007246970e-01 2.110000000000000000e+02
2.884000000000000000e+03 2.560000000000000000e+02 3.751025999999910709e-01 2.380000000000000000e+02
2.952000000000000000e+03 2.560000000000000000e+02 3.698538999997253995e-01 2.400000000000000000e+02
1.420000000000000000e+03 1.280000000000000000e+02 2.177828000003501074e-01 1.460000000000000000e+02
3.120000000000000000e+03 2.560000000000000000e+02 3.910514999997758423e-01 2.540000000000000000e+02
2.324000000000000000e+03 2.560000000000000000e+02 2.913676999996823724e-01 1.910000000000000000e+02
7.520000000000000000e+02 6.400000000000000000e+01 1.709013999998205691e-01 1.010000000000000000e+02
2.496000000000000000e+03 2.560000000000000000e+02 3.310549999996510451e-01 2.160000000000000000e+02
1.488000000000000000e+03 1.280000000000000000e+02 2.460828999992372701e-01 1.570000000000000000e+02
1.308000000000000000e+03 1.280000000000000000e+02 2.112355999997816980e-01 1.340000000000000000e+02
2.676000000000000000e+03 2.560000000000000000e+02 3.703122999995684950e-01 2.280000000000000000e+02
2.808000000000000000e+03 2.560000000000000000e+02 3.741452000003846479e-01 2.300000000000000000e+02
1.540000000000000000e+03 1.280000000000000000e+02 2.463913000001412001e-01 1.580000000000000000e+02
2.464000000000000000e+03 2.560000000000000000e+02 3.466317000002163695e-01 2.130000000000000000e+02
3.732000000000000000e+03 2.560000000000000000e+02 4.757438000006004586e-01 2.980000000000000000e+02
2.724000000000000000e+03 2.560000000000000000e+02 3.811469000002034591e-01 2.340000000000000000e+02
3.172000000000000000e+03 2.560000000000000000e+02 4.181698000002143090e-01 2.620000000000000000e+02
2.384000000000000000e+03 2.560000000000000000e+02 3.123040999998920597e-01 2.010000000000000000e+02
3.204000000000000000e+03 2.560000000000000000e+02 4.266885999995793100e-01 2.700000000000000000e+02
1.464000000000000000e+03 1.280000000000000000e+02 2.163659999996525585e-01 1.440000000000000000e+02
8.440000000000000000e+02 6.400000000000000000e+01 1.710372999996252474e-01 1.110000000000000000e+02
2.420000000000000000e+03 2.560000000000000000e+02 3.423813000008522067e-01 2.060000000000000000e+02
7.360000000000000000e+02 6.400000000000000000e+01 1.630771999998614774e-01 1.010000000000000000e+02
3.316000000000000000e+03 2.560000000000000000e+02 4.632203999999546795e-01 2.780000000000000000e+02
2.996000000000000000e+03 2.560000000000000000e+02 3.949080000002140878e-01 2.460000000000000000e+02
5.444000000000000000e+03 5.120000000000000000e+02 6.509199000001899549e-01 3.860000000000000000e+02
5.960000000000000000e+03 5.120000000000000000e+02 6.677810000001045410e-01 4.150000000000000000e+02
2.056000000000000000e+03 1.280000000000000000e+02 2.928408999996463535e-01 1.910000000000000000e+02
3.684000000000000000e+03 2.560000000000000000e+02 4.638871999995899387e-01 2.970000000000000000e+02
1.716000000000000000e+03 1.280000000000000000e+02 2.481593000002249028e-01 1.600000000000000000e+02
3.484000000000000000e+03 2.560000000000000000e+02 4.462865999994392041e-01 2.910000000000000000e+02
1.648000000000000000e+03 1.280000000000000000e+02 2.759601999996448285e-01 1.680000000000000000e+02
1.760000000000000000e+03 1.280000000000000000e+02 2.735936999997647945e-01 1.660000000000000000e+02
1.172000000000000000e+03 1.280000000000000000e+02 2.001104999999370193e-01 1.260000000000000000e+02
1.684000000000000000e+03 1.280000000000000000e+02 2.724422000001140987e-01 1.680000000000000000e+02
3.208000000000000000e+03 2.560000000000000000e+02 4.274094000002151006e-01 2.700000000000000000e+02
1.640000000000000000e+03 1.280000000000000000e+02 2.607209999996484839e-01 1.660000000000000000e+02
1.596000000000000000e+03 1.280000000000000000e+02 2.643549000003986293e-01 1.600000000000000000e+02
5.068000000000000000e+03 5.120000000000000000e+02 5.634409000003870460e-01 3.490000000000000000e+02
4.016000000000000000e+03 2.560000000000000000e+02 4.890610999991622521e-01 3.030000000000000000e+02
2.892000000000000000e+03 2.560000000000000000e+02 3.828849999999874854e-01 2.360000000000000000e+02
1.468000000000000000e+03 1.280000000000000000e+02 2.365732000007483293e-01 1.550000000000000000e+02
2.640000000000000000e+03 2.560000000000000000e+02 3.277924000003622496e-01 2.100000000000000000e+02
1.360000000000000000e+03 1.280000000000000000e+02 2.380837000000610715e-01 1.410000000000000000e+02
2.780000000000000000e+03 2.560000000000000000e+02 3.564516999995248625e-01 2.260000000000000000e+02
2.368000000000000000e+03 2.560000000000000000e+02 3.017183000001750770e-01 1.970000000000000000e+02
1.632000000000000000e+03 1.280000000000000000e+02 2.545946000000185450e-01 1.650000000000000000e+02
1.456000000000000000e+03 1.280000000000000000e+02 2.400601999997888925e-01 1.530000000000000000e+02
1.448000000000000000e+03 1.280000000000000000e+02 2.294078000004446949e-01 1.510000000000000000e+02
2.588000000000000000e+03 2.560000000000000000e+02 3.275714999999763677e-01 2.130000000000000000e+02
2.816000000000000000e+03 2.560000000000000000e+02 3.892053000008672825e-01 2.350000000000000000e+02
8.160000000000000000e+02 6.400000000000000000e+01 1.709935999997469480e-01 1.050000000000000000e+02
2.784000000000000000e+03 2.560000000000000000e+02 3.564248000002407935e-01 2.250000000000000000e+02
3.256000000000000000e+03 2.560000000000000000e+02 4.185570999998162733e-01 2.660000000000000000e+02
1.164000000000000000e+03 1.280000000000000000e+02 1.911572999997588340e-01 1.280000000000000000e+02
3.028000000000000000e+03 2.560000000000000000e+02 3.685075000003052992e-01 2.430000000000000000e+02
1.616000000000000000e+03 1.280000000000000000e+02 2.505634999997710111e-01 1.610000000000000000e+02
1.372000000000000000e+03 1.280000000000000000e+02 2.383769000007305294e-01 1.450000000000000000e+02
3.148000000000000000e+03 2.560000000000000000e+02 4.030824999999822467e-01 2.600000000000000000e+02
1.368000000000000000e+03 1.280000000000000000e+02 2.187502000006134040e-01 1.430000000000000000e+02
1.688000000000000000e+03 1.280000000000000000e+02 2.443445000008068746e-01 1.600000000000000000e+02
1.792000000000000000e+03 1.280000000000000000e+02 2.853142000003572321e-01 1.840000000000000000e+02
3.100000000000000000e+03 2.560000000000000000e+02 3.910925999998653424e-01 2.550000000000000000e+02
3.216000000000000000e+03 2.560000000000000000e+02 4.400485000005573966e-01 2.720000000000000000e+02
3.332000000000000000e+03 2.560000000000000000e+02 4.434938000003967318e-01 2.770000000000000000e+02
1.548000000000000000e+03 1.280000000000000000e+02 2.467188999999052612e-01 1.650000000000000000e+02
5.544000000000000000e+03 5.120000000000000000e+02 6.149505000003046007e-01 3.980000000000000000e+02
4.840000000000000000e+03 5.120000000000000000e+02 5.354997000004004803e-01 3.360000000000000000e+02
3.256000000000000000e+03 2.560000000000000000e+02 4.317100000007485505e-01 2.680000000000000000e+02
2.628000000000000000e+03 2.560000000000000000e+02 3.491874000001189415e-01 2.220000000000000000e+02
9.800000000000000000e+02 6.400000000000000000e+01 1.770865999997113249e-01 1.190000000000000000e+02
2.180000000000000000e+03 2.560000000000000000e+02 2.821084999995946418e-01 1.760000000000000000e+02
6.292000000000000000e+03 5.120000000000000000e+02 6.637137999996411963e-01 4.290000000000000000e+02
2.792000000000000000e+03 2.560000000000000000e+02 3.556194999991930672e-01 2.210000000000000000e+02
1.368000000000000000e+03 1.280000000000000000e+02 2.039823000004616915e-01 1.370000000000000000e+02
2.268000000000000000e+03 2.560000000000000000e+02 3.122095999997327453e-01 1.930000000000000000e+02
7.800000000000000000e+02 6.400000000000000000e+01 1.675262999997357838e-01 1.030000000000000000e+02
1.944000000000000000e+03 1.280000000000000000e+02 3.343630999997913023e-01 1.980000000000000000e+02
2.432000000000000000e+03 2.560000000000000000e+02 3.153283000001465552e-01 2.050000000000000000e+02
2.452000000000000000e+03 2.560000000000000000e+02 3.316350000004604226e-01 2.100000000000000000e+02
2.444000000000000000e+03 2.560000000000000000e+02 3.378862999998091254e-01 2.080000000000000000e+02
6.880000000000000000e+02 6.400000000000000000e+01 1.429096000001663924e-01 9.000000000000000000e+01
9.240000000000000000e+02 6.400000000000000000e+01 1.990697999999611056e-01 1.240000000000000000e+02
9.720000000000000000e+02 1.280000000000000000e+02 1.524527999999918393e-01 1.020000000000000000e+02
1.164000000000000000e+03 1.280000000000000000e+02 1.993901999994704966e-01 1.240000000000000000e+02
1.608000000000000000e+03 1.280000000000000000e+02 2.932312000002639252e-01 1.710000000000000000e+02
1.512000000000000000e+03 1.280000000000000000e+02 2.517330000000583823e-01 1.620000000000000000e+02
4.800000000000000000e+03 5.120000000000000000e+02 5.285739000000830856e-01 3.270000000000000000e+02
2.288000000000000000e+03 2.560000000000000000e+02 2.910615000000689179e-01 1.900000000000000000e+02
3.536000000000000000e+03 2.560000000000000000e+02 4.440063000001828186e-01 2.860000000000000000e+02
1.492000000000000000e+03 1.280000000000000000e+02 2.411988000003475463e-01 1.550000000000000000e+02
2.028000000000000000e+03 2.560000000000000000e+02 2.824966000007407274e-01 1.690000000000000000e+02
1.256000000000000000e+03 1.280000000000000000e+02 1.940615999992587604e-01 1.280000000000000000e+02
1.424000000000000000e+03 1.280000000000000000e+02 2.415841000001819339e-01 1.530000000000000000e+02
2.792000000000000000e+03 2.560000000000000000e+02 3.616596000001663924e-01 2.270000000000000000e+02
1.140000000000000000e+03 1.280000000000000000e+02 1.831218999996053753e-01 1.230000000000000000e+02
2.484000000000000000e+03 2.560000000000000000e+02 3.481047000004764413e-01 2.140000000000000000e+02
2.104000000000000000e+03 2.560000000000000000e+02 2.853609999992841040e-01 1.790000000000000000e+02
1.480000000000000000e+03 1.280000000000000000e+02 2.507869000000937376e-01 1.550000000000000000e+02
3.396000000000000000e+03 2.560000000000000000e+02 4.330723000002763001e-01 2.810000000000000000e+02
2.344000000000000000e+03 2.560000000000000000e+02 3.132269000006999704e-01 1.990000000000000000e+02
1.800000000000000000e+03 1.280000000000000000e+02 2.603638000000501052e-01 1.660000000000000000e+02
2.380000000000000000e+03 2.560000000000000000e+02 3.223529999995662365e-01 2.040000000000000000e+02
2.328000000000000000e+03 1.280000000000000000e+02 3.546855999993567821e-01 2.150000000000000000e+02
2.480000000000000000e+03 2.560000000000000000e+02 3.499615999999150517e-01 2.170000000000000000e+02
3.188000000000000000e+03 2.560000000000000000e+02 4.701107999999294407e-01 2.660000000000000000e+02
1.848000000000000000e+03 1.280000000000000000e+02 2.696885999994265148e-01 1.750000000000000000e+02
2.968000000000000000e+03 2.560000000000000000e+02 3.984625000002779416e-01 2.380000000000000000e+02
1.572000000000000000e+03 1.280000000000000000e+02 2.455365999994683079e-01 1.550000000000000000e+02
1.584000000000000000e+03 1.280000000000000000e+02 2.587705000005371403e-01 1.680000000000000000e+02
4.584000000000000000e+03 5.120000000000000000e+02 5.058015000004161266e-01 3.100000000000000000e+02
3.120000000000000000e+03 2.560000000000000000e+02 4.010853999998289510e-01 2.620000000000000000e+02
7.720000000000000000e+02 6.400000000000000000e+01 1.584456000000500353e-01 1.030000000000000000e+02
1.664000000000000000e+03 1.280000000000000000e+02 2.578470000007655472e-01 1.690000000000000000e+02
3.476000000000000000e+03 2.560000000000000000e+02 4.488218000005872454e-01 2.880000000000000000e+02
3.404000000000000000e+03 2.560000000000000000e+02 4.637281000004804810e-01 2.830000000000000000e+02
2.948000000000000000e+03 2.560000000000000000e+02 3.953265000000101281e-01 2.460000000000000000e+02
1.476000000000000000e+03 1.280000000000000000e+02 2.397014999996827100e-01 1.540000000000000000e+02
2.436000000000000000e+03 2.560000000000000000e+02 3.118606000007275725e-01 1.960000000000000000e+02
1.484000000000000000e+03 1.280000000000000000e+02 2.397410000003219466e-01 1.540000000000000000e+02
3.160000000000000000e+03 2.560000000000000000e+02 4.310820000000603613e-01 2.600000000000000000e+02
2.408000000000000000e+03 2.560000000000000000e+02 3.279930999997304752e-01 2.040000000000000000e+02
2.768000000000000000e+03 2.560000000000000000e+02 3.638473000000885804e-01 2.250000000000000000e+02
4.356000000000000000e+03 2.560000000000000000e+02 5.171415000004344620e-01 3.340000000000000000e+02
3.416000000000000000e+03 2.560000000000000000e+02 4.383611000002929359e-01 2.800000000000000000e+02
1.348000000000000000e+03 1.280000000000000000e+02 2.127826000005370588e-01 1.390000000000000000e+02
4.840000000000000000e+02 3.200000000000000000e+01 1.167752999999720487e-01 7.400000000000000000e+01
3.252000000000000000e+03 2.560000000000000000e+02 4.215551000006598770e-01 2.690000000000000000e+02
3.248000000000000000e+03 2.560000000000000000e+02 4.232543000007353839e-01 2.700000000000000000e+02
5.300000000000000000e+03 5.120000000000000000e+02 5.981686000004629022e-01 3.660000000000000000e+02
1.560000000000000000e+03 1.280000000000000000e+02 2.559923999997408828e-01 1.640000000000000000e+02
1.808000000000000000e+03 1.280000000000000000e+02 2.854226999997990788e-01 1.870000000000000000e+02
3.240000000000000000e+03 2.560000000000000000e+02 4.279016999998930260e-01 2.640000000000000000e+02
2.344000000000000000e+03 2.560000000000000000e+02 3.419966999999815016e-01 1.990000000000000000e+02
6.400000000000000000e+02 6.400000000000000000e+01 1.827694000003248220e-01 8.200000000000000000e+01
1.364000000000000000e+03 1.280000000000000000e+02 2.146045000008598436e-01 1.430000000000000000e+02
1.400000000000000000e+03 1.280000000000000000e+02 2.279143999994630576e-01 1.500000000000000000e+02
5.644000000000000000e+03 5.120000000000000000e+02 6.262613999997483916e-01 3.980000000000000000e+02
1.044000000000000000e+03 1.280000000000000000e+02 1.621420000001307926e-01 1.120000000000000000e+02
1.224000000000000000e+03 1.280000000000000000e+02 2.328576999998404062e-01 1.340000000000000000e+02
1.208000000000000000e+03 1.280000000000000000e+02 1.860225999998874613e-01 1.240000000000000000e+02
2.240000000000000000e+03 2.560000000000000000e+02 3.342758999997386127e-01 1.860000000000000000e+02
5.340000000000000000e+03 5.120000000000000000e+02 6.224316999996517552e-01 3.670000000000000000e+02
6.492000000000000000e+03 5.120000000000000000e+02 7.083561999997982639e-01 4.510000000000000000e+02
1.368000000000000000e+03 1.280000000000000000e+02 2.396717999999964377e-01 1.420000000000000000e+02
1.620000000000000000e+03 1.280000000000000000e+02 2.615569999998115236e-01 1.620000000000000000e+02
3.028000000000000000e+03 2.560000000000000000e+02 3.996772000000419212e-01 2.560000000000000000e+02
1.176000000000000000e+03 1.280000000000000000e+02 2.053273000001354376e-01 1.260000000000000000e+02
1.268000000000000000e+03 1.280000000000000000e+02 2.091726999997263192e-01 1.340000000000000000e+02
2.452000000000000000e+03 2.560000000000000000e+02 3.256670000000667642e-01 2.100000000000000000e+02
5.268000000000000000e+03 5.120000000000000000e+02 5.966336000001319917e-01 3.570000000000000000e+02
2.348000000000000000e+03 2.560000000000000000e+02 3.072089999996023835e-01 1.960000000000000000e+02
3.608000000000000000e+03 2.560000000000000000e+02 4.341297999999369495e-01 2.800000000000000000e+02
3.360000000000000000e+03 2.560000000000000000e+02 4.422709000000395463e-01 2.760000000000000000e+02
3.292000000000000000e+03 2.560000000000000000e+02 4.309518999998545041e-01 2.740000000000000000e+02
5.068000000000000000e+03 5.120000000000000000e+02 5.571350999998685438e-01 3.480000000000000000e+02
2.924000000000000000e+03 2.560000000000000000e+02 3.794610000004468020e-01 2.440000000000000000e+02
4.928000000000000000e+03 5.120000000000000000e+02 5.587359999999534921e-01 3.450000000000000000e+02
2.372000000000000000e+03 2.560000000000000000e+02 3.102444000005561975e-01 2.020000000000000000e+02
2.908000000000000000e+03 2.560000000000000000e+02 3.735741999998936080e-01 2.440000000000000000e+02
1.572000000000000000e+03 1.280000000000000000e+02 2.432865999999194173e-01 1.600000000000000000e+02
2.560000000000000000e+03 2.560000000000000000e+02 3.323056999997788807e-01 2.170000000000000000e+02
3.200000000000000000e+03 2.560000000000000000e+02 4.093890000003739260e-01 2.680000000000000000e+02
1.504000000000000000e+03 1.280000000000000000e+02 2.556744000003163819e-01 1.600000000000000000e+02
1.720000000000000000e+03 1.280000000000000000e+02 2.616844999993190868e-01 1.700000000000000000e+02
7.840000000000000000e+02 6.400000000000000000e+01 1.567678000001251348e-01 1.050000000000000000e+02
1.404000000000000000e+03 1.280000000000000000e+02 2.267635999996855389e-01 1.470000000000000000e+02
1.412000000000000000e+03 1.280000000000000000e+02 2.130495000001246808e-01 1.430000000000000000e+02
2.824000000000000000e+03 2.560000000000000000e+02 3.630260999998426996e-01 2.340000000000000000e+02
3.144000000000000000e+03 2.560000000000000000e+02 3.981055999993259320e-01 2.590000000000000000e+02
2.028000000000000000e+03 1.280000000000000000e+02 3.138150000004316098e-01 1.890000000000000000e+02
2.740000000000000000e+03 2.560000000000000000e+02 3.823750999999901978e-01 2.330000000000000000e+02
3.748000000000000000e+03 2.560000000000000000e+02 4.712070999994466547e-01 2.980000000000000000e+02
5.468000000000000000e+03 5.120000000000000000e+02 6.137781999996150262e-01 3.760000000000000000e+02
3.172000000000000000e+03 2.560000000000000000e+02 4.187369999999646097e-01 2.620000000000000000e+02
3.204000000000000000e+03 2.560000000000000000e+02 4.478616999995210790e-01 2.690000000000000000e+02
2.480000000000000000e+03 2.560000000000000000e+02 3.270273999996788916e-01 2.090000000000000000e+02
1.528000000000000000e+03 1.280000000000000000e+02 2.416928000002371846e-01 1.600000000000000000e+02
5.408000000000000000e+03 5.120000000000000000e+02 5.886582000002817949e-01 3.810000000000000000e+02
2.668000000000000000e+03 2.560000000000000000e+02 3.339691000001039356e-01 2.160000000000000000e+02
9.560000000000000000e+02 6.400000000000000000e+01 1.848892999996678554e-01 1.140000000000000000e+02
1.632000000000000000e+03 1.280000000000000000e+02 2.494923999993261532e-01 1.640000000000000000e+02
1.612000000000000000e+03 1.280000000000000000e+02 2.498528000005535432e-01 1.640000000000000000e+02
3.372000000000000000e+03 2.560000000000000000e+02 4.176340000003619934e-01 2.590000000000000000e+02
2.796000000000000000e+03 2.560000000000000000e+02 3.525059000003238907e-01 2.290000000000000000e+02
2.928000000000000000e+03 2.560000000000000000e+02 3.769751999998334213e-01 2.440000000000000000e+02
3.624000000000000000e+03 2.560000000000000000e+02 4.897320000000036089e-01 2.980000000000000000e+02
2.308000000000000000e+03 2.560000000000000000e+02 2.914698999993561301e-01 1.930000000000000000e+02
2.536000000000000000e+03 2.560000000000000000e+02 3.210153999998510699e-01 2.100000000000000000e+02
1.572000000000000000e+03 1.280000000000000000e+02 2.572372000004179426e-01 1.560000000000000000e+02
5.616000000000000000e+03 5.120000000000000000e+02 6.320088999991639866e-01 3.920000000000000000e+02
1.160000000000000000e+03 1.280000000000000000e+02 2.014254000005166745e-01 1.270000000000000000e+02
3.212000000000000000e+03 2.560000000000000000e+02 4.290865000002668239e-01 2.670000000000000000e+02
3.076000000000000000e+03 2.560000000000000000e+02 4.027587999999013846e-01 2.550000000000000000e+02
1.652000000000000000e+03 1.280000000000000000e+02 2.611945999997260515e-01 1.660000000000000000e+02
5.596000000000000000e+03 5.120000000000000000e+02 6.270240000003468595e-01 3.970000000000000000e+02
2.028000000000000000e+03 1.280000000000000000e+02 3.060052999999243184e-01 1.890000000000000000e+02
1.308000000000000000e+03 1.280000000000000000e+02 2.200160000002142624e-01 1.360000000000000000e+02
2.424000000000000000e+03 2.560000000000000000e+02 3.188824999997450504e-01 2.060000000000000000e+02
3.080000000000000000e+03 2.560000000000000000e+02 3.906028999999762163e-01 2.480000000000000000e+02
1.452000000000000000e+03 1.280000000000000000e+02 2.382003000002441695e-01 1.460000000000000000e+02
2.376000000000000000e+03 2.560000000000000000e+02 3.017212999993716949e-01 1.960000000000000000e+02
3.260000000000000000e+03 2.560000000000000000e+02 4.225033999991865130e-01 2.670000000000000000e+02
3.044000000000000000e+03 2.560000000000000000e+02 3.743328000000474276e-01 2.440000000000000000e+02
1.436000000000000000e+03 1.280000000000000000e+02 2.197201999997560051e-01 1.470000000000000000e+02
2.376000000000000000e+03 2.560000000000000000e+02 3.228910999996514875e-01 2.030000000000000000e+02
2.924000000000000000e+03 2.560000000000000000e+02 3.925125000005209586e-01 2.400000000000000000e+02
1.436000000000000000e+03 1.280000000000000000e+02 2.201881000000867061e-01 1.470000000000000000e+02
1.560000000000000000e+03 1.280000000000000000e+02 2.427622999994127895e-01 1.600000000000000000e+02
2.452000000000000000e+03 2.560000000000000000e+02 3.319162999996478902e-01 2.090000000000000000e+02
5.112000000000000000e+03 5.120000000000000000e+02 5.522842999998829328e-01 3.590000000000000000e+02
8.800000000000000000e+02 6.400000000000000000e+01 1.553164999995715334e-01 1.050000000000000000e+02
1.392000000000000000e+03 1.280000000000000000e+02 2.208959999998114654e-01 1.470000000000000000e+02
1.076000000000000000e+03 1.280000000000000000e+02 1.910546999997677631e-01 1.170000000000000000e+02
1.540000000000000000e+03 1.280000000000000000e+02 2.442875999995521852e-01 1.560000000000000000e+02
2.952000000000000000e+03 2.560000000000000000e+02 3.648228000001836335e-01 2.430000000000000000e+02
3.120000000000000000e+03 2.560000000000000000e+02 4.207071000000723870e-01 2.530000000000000000e+02
2.548000000000000000e+03 2.560000000000000000e+02 3.513530000000173459e-01 2.180000000000000000e+02
3.172000000000000000e+03 2.560000000000000000e+02 4.051982000000862172e-01 2.610000000000000000e+02
2.428000000000000000e+03 2.560000000000000000e+02 3.325396000000182539e-01 2.050000000000000000e+02
6.252000000000000000e+03 5.120000000000000000e+02 6.576297000001432025e-01 4.210000000000000000e+02
1.140000000000000000e+03 1.280000000000000000e+02 1.870701999996526865e-01 1.230000000000000000e+02
3.168000000000000000e+03 2.560000000000000000e+02 4.124154000000999076e-01 2.640000000000000000e+02
2.908000000000000000e+03 2.560000000000000000e+02 3.588196999999127002e-01 2.290000000000000000e+02
1.496000000000000000e+03 1.280000000000000000e+02 2.450167000006331364e-01 1.490000000000000000e+02
1.608000000000000000e+03 1.280000000000000000e+02 2.478776000007201219e-01 1.630000000000000000e+02
1.544000000000000000e+03 1.280000000000000000e+02 2.376327000001765555e-01 1.590000000000000000e+02
3.360000000000000000e+03 2.560000000000000000e+02 4.512320000003455789e-01 2.860000000000000000e+02
1.356000000000000000e+03 1.280000000000000000e+02 2.127035999992585857e-01 1.400000000000000000e+02
1.752000000000000000e+03 1.280000000000000000e+02 2.761486999997941894e-01 1.790000000000000000e+02
2.468000000000000000e+03 2.560000000000000000e+02 3.314325000001190347e-01 2.140000000000000000e+02
2.444000000000000000e+03 2.560000000000000000e+02 3.360991999998077517e-01 2.090000000000000000e+02
2.124000000000000000e+03 2.560000000000000000e+02 2.814822000000276603e-01 1.780000000000000000e+02
3.140000000000000000e+03 2.560000000000000000e+02 3.931262000005517621e-01 2.570000000000000000e+02
2.744000000000000000e+03 2.560000000000000000e+02 3.805642999996052822e-01 2.350000000000000000e+02
3.156000000000000000e+03 2.560000000000000000e+02 4.154719999996814295e-01 2.680000000000000000e+02
1.456000000000000000e+03 1.280000000000000000e+02 2.335116000003836234e-01 1.530000000000000000e+02
1.464000000000000000e+03 1.280000000000000000e+02 2.457783999998355284e-01 1.520000000000000000e+02
6.692000000000000000e+03 5.120000000000000000e+02 7.132357999998930609e-01 4.570000000000000000e+02
3.260000000000000000e+03 2.560000000000000000e+02 4.555418999998437357e-01 2.680000000000000000e+02
2.712000000000000000e+03 2.560000000000000000e+02 3.613195999996605678e-01 2.310000000000000000e+02
1.360000000000000000e+03 1.280000000000000000e+02 2.190171000002010260e-01 1.420000000000000000e+02
2.876000000000000000e+03 2.560000000000000000e+02 3.624534000000494416e-01 2.360000000000000000e+02
3.088000000000000000e+03 2.560000000000000000e+02 3.938654000003225519e-01 2.530000000000000000e+02
2.404000000000000000e+03 2.560000000000000000e+02 3.115065000001777662e-01 1.980000000000000000e+02
1.308000000000000000e+03 1.280000000000000000e+02 2.374988999999914085e-01 1.390000000000000000e+02
3.060000000000000000e+03 2.560000000000000000e+02 3.869998000000123284e-01 2.460000000000000000e+02
1.316000000000000000e+03 1.280000000000000000e+02 2.058959000005415874e-01 1.360000000000000000e+02
1.408000000000000000e+03 1.280000000000000000e+02 2.378874999994877726e-01 1.460000000000000000e+02
2.164000000000000000e+03 1.280000000000000000e+02 3.404812999997375300e-01 2.060000000000000000e+02
1.440000000000000000e+03 1.280000000000000000e+02 2.362292000007073511e-01 1.490000000000000000e+02
1.256000000000000000e+03 1.280000000000000000e+02 2.234861999995700899e-01 1.350000000000000000e+02
1.408000000000000000e+03 1.280000000000000000e+02 2.568341999995027436e-01 1.460000000000000000e+02
1.180000000000000000e+03 1.280000000000000000e+02 2.057979000001068925e-01 1.280000000000000000e+02
3.032000000000000000e+03 2.560000000000000000e+02 3.878111999993052450e-01 2.480000000000000000e+02
1.352000000000000000e+03 1.280000000000000000e+02 2.082067000001188717e-01 1.400000000000000000e+02
3.544000000000000000e+03 2.560000000000000000e+02 4.655622000000221306e-01 2.790000000000000000e+02
2.920000000000000000e+03 2.560000000000000000e+02 3.959954000001744134e-01 2.410000000000000000e+02
1.804000000000000000e+03 1.280000000000000000e+02 2.881056000005628448e-01 1.730000000000000000e+02
2.716000000000000000e+03 2.560000000000000000e+02 3.528032999993229168e-01 2.200000000000000000e+02
1.400000000000000000e+03 1.280000000000000000e+02 2.314083000001119217e-01 1.510000000000000000e+02
2.352000000000000000e+03 2.560000000000000000e+02 3.060132999999041203e-01 1.970000000000000000e+02
3.128000000000000000e+03 2.560000000000000000e+02 4.272298000005321228e-01 2.590000000000000000e+02
1.688000000000000000e+03 1.280000000000000000e+02 2.668684999998731655e-01 1.700000000000000000e+02
2.964000000000000000e+03 2.560000000000000000e+02 3.855318999994779006e-01 2.390000000000000000e+02
6.400000000000000000e+02 6.400000000000000000e+01 1.409266999999090331e-01 8.700000000000000000e+01
1.636000000000000000e+03 1.280000000000000000e+02 2.470809000005829148e-01 1.590000000000000000e+02
3.120000000000000000e+03 2.560000000000000000e+02 3.999432999999044114e-01 2.520000000000000000e+02
3.084000000000000000e+03 2.560000000000000000e+02 4.125695000002451707e-01 2.520000000000000000e+02
3.220000000000000000e+03 2.560000000000000000e+02 4.108759999999165302e-01 2.580000000000000000e+02
2.708000000000000000e+03 2.560000000000000000e+02 3.661573999997926876e-01 2.300000000000000000e+02
3.500000000000000000e+03 2.560000000000000000e+02 4.609260000006543123e-01 2.940000000000000000e+02
3.144000000000000000e+03 2.560000000000000000e+02 4.036455000004934845e-01 2.590000000000000000e+02
6.268000000000000000e+03 5.120000000000000000e+02 6.773609000001670211e-01 4.240000000000000000e+02
3.048000000000000000e+03 2.560000000000000000e+02 3.868736000003991649e-01 2.500000000000000000e+02
4.472000000000000000e+03 5.120000000000000000e+02 4.967501999999512918e-01 3.070000000000000000e+02
2.328000000000000000e+03 2.560000000000000000e+02 3.007221999996545492e-01 1.890000000000000000e+02
1.424000000000000000e+03 1.280000000000000000e+02 2.252730000000155997e-01 1.460000000000000000e+02
2.584000000000000000e+03 2.560000000000000000e+02 3.352844999999433639e-01 2.150000000000000000e+02
8.120000000000000000e+02 6.400000000000000000e+01 1.574250000003303285e-01 1.050000000000000000e+02
2.344000000000000000e+03 2.560000000000000000e+02 3.046768000003794441e-01 2.000000000000000000e+02
1.152000000000000000e+03 1.280000000000000000e+02 1.892626999997446546e-01 1.240000000000000000e+02
2.632000000000000000e+03 2.560000000000000000e+02 3.557035000003452296e-01 2.230000000000000000e+02
3.092000000000000000e+03 2.560000000000000000e+02 3.935297999996691942e-01 2.530000000000000000e+02
1.436000000000000000e+03 1.280000000000000000e+02 2.342117999996844446e-01 1.480000000000000000e+02
3.000000000000000000e+03 2.560000000000000000e+02 4.080637999995815335e-01 2.470000000000000000e+02
3.232000000000000000e+03 2.560000000000000000e+02 4.226545000001351582e-01 2.710000000000000000e+02
1.460000000000000000e+03 1.280000000000000000e+02 2.335604999998395215e-01 1.510000000000000000e+02
1.560000000000000000e+03 1.280000000000000000e+02 2.438738000000739703e-01 1.590000000000000000e+02
3.816000000000000000e+03 2.560000000000000000e+02 4.770598000004611094e-01 3.060000000000000000e+02
7.120000000000000000e+02 6.400000000000000000e+01 1.429242999993221019e-01 9.500000000000000000e+01
6.612000000000000000e+03 5.120000000000000000e+02 7.027904999995371327e-01 4.490000000000000000e+02
1.012000000000000000e+03 6.400000000000000000e+01 1.810826000000815839e-01 1.210000000000000000e+02
2.256000000000000000e+03 2.560000000000000000e+02 2.981783000004725181e-01 1.900000000000000000e+02
2.540000000000000000e+03 2.560000000000000000e+02 3.419172999992952100e-01 2.150000000000000000e+02
1.108000000000000000e+03 1.280000000000000000e+02 1.905090999998719781e-01 1.220000000000000000e+02
7.320000000000000000e+02 6.400000000000000000e+01 1.579481999997369712e-01 9.600000000000000000e+01
1.668000000000000000e+03 1.280000000000000000e+02 2.723008000002664630e-01 1.690000000000000000e+02
2.152000000000000000e+03 2.560000000000000000e+02 2.685681000002659857e-01 1.790000000000000000e+02
1.460000000000000000e+03 1.280000000000000000e+02 2.292744999995193211e-01 1.500000000000000000e+02
2.500000000000000000e+03 2.560000000000000000e+02 3.172202000005199807e-01 2.070000000000000000e+02
1.644000000000000000e+03 1.280000000000000000e+02 2.742871000000377535e-01 1.680000000000000000e+02
2.292000000000000000e+03 2.560000000000000000e+02 2.850564000000304077e-01 1.890000000000000000e+02
1.420000000000000000e+03 1.280000000000000000e+02 2.258629000007204013e-01 1.500000000000000000e+02
3.164000000000000000e+03 2.560000000000000000e+02 4.238590999993903097e-01 2.640000000000000000e+02
2.600000000000000000e+03 2.560000000000000000e+02 3.785966000004918897e-01 2.260000000000000000e+02
6.920000000000000000e+02 6.400000000000000000e+01 1.408928999999261578e-01 9.100000000000000000e+01
2.724000000000000000e+03 2.560000000000000000e+02 3.519952000006014714e-01 2.190000000000000000e+02
1.348000000000000000e+03 1.280000000000000000e+02 2.417295000004742178e-01 1.380000000000000000e+02
2.896000000000000000e+03 2.560000000000000000e+02 3.844838000004529022e-01 2.370000000000000000e+02
1.580000000000000000e+03 1.280000000000000000e+02 2.412428999996336643e-01 1.580000000000000000e+02
3.144000000000000000e+03 2.560000000000000000e+02 4.039613000004464993e-01 2.580000000000000000e+02
2.036000000000000000e+03 1.280000000000000000e+02 2.929968999997072387e-01 1.930000000000000000e+02
3.340000000000000000e+03 2.560000000000000000e+02 4.192696999998588581e-01 2.740000000000000000e+02
2.240000000000000000e+03 1.280000000000000000e+02 3.471951999999873806e-01 2.120000000000000000e+02
