# score max_tile time N_moves
1.060000000000000000e+03 1.280000000000000000e+02 2.596863294000000337e+02 1.160000000000000000e+02
1.272000000000000000e+03 1.280000000000000000e+02 2.650560325000000148e+02 1.290000000000000000e+02
6.920000000000000000e+02 6.400000000000000000e+01 2.192583324999999377e+02 9.100000000000000000e+01
1.292000000000000000e+03 1.280000000000000000e+02 3.193557314999999335e+02 1.340000000000000000e+02
1.300000000000000000e+03 1.280000000000000000e+02 3.180400859000001219e+02 1.360000000000000000e+02
1.532000000000000000e+03 1.280000000000000000e+02 3.112454912000000604e+02 1.560000000000000000e+02
1.396000000000000000e+03 1.280000000000000000e+02 2.996587839999999687e+02 1.460000000000000000e+02
6.160000000000000000e+02 6.400000000000000000e+01 2.185420548999998118e+02 8.500000000000000000e+01
1.460000000000000000e+03 1.280000000000000000e+02 2.712813258000001042e+02 1.420000000000000000e+02
6.840000000000000000e+02 6.400000000000000000e+01 2.300749583000001621e+02 9.100000000000000000e+01
