# score max_tile time N_moves
3.712000000000000000e+03 2.560000000000000000e+02 1.222429200000021865e+00 3.070000000000000000e+02
3.184000000000000000e+03 2.560000000000000000e+02 1.025248199999964527e+00 2.610000000000000000e+02
6.908000000000000000e+03 5.120000000000000000e+02 1.729367099999990387e+00 4.710000000000000000e+02
2.084000000000000000e+03 1.280000000000000000e+02 7.577056999999740583e-01 2.050000000000000000e+02
3.048000000000000000e+03 1.280000000000000000e+02 9.415330000000494692e-01 2.660000000000000000e+02
6.440000000000000000e+03 5.120000000000000000e+02 1.773557700000026216e+00 4.390000000000000000e+02
3.904000000000000000e+03 2.560000000000000000e+02 1.125081900000054702e+00 3.170000000000000000e+02
3.284000000000000000e+03 2.560000000000000000e+02 1.186940999999990254e+00 2.700000000000000000e+02
4.684000000000000000e+03 5.120000000000000000e+02 1.282427499999982956e+00 3.200000000000000000e+02
3.496000000000000000e+03 2.560000000000000000e+02 1.085135900000011588e+00 2.930000000000000000e+02
7.292000000000000000e+03 5.120000000000000000e+02 1.871484199999997600e+00 5.100000000000000000e+02
1.728000000000000000e+03 1.280000000000000000e+02 6.177669000000491906e-01 1.730000000000000000e+02
4.016000000000000000e+03 2.560000000000000000e+02 1.114674499999978252e+00 3.250000000000000000e+02
2.528000000000000000e+03 2.560000000000000000e+02 8.484033999999951448e-01 2.170000000000000000e+02
7.460000000000000000e+03 5.120000000000000000e+02 1.987887400000033722e+00 5.200000000000000000e+02
4.060000000000000000e+03 2.560000000000000000e+02 1.208181400000000849e+00 3.230000000000000000e+02
2.804000000000000000e+03 2.560000000000000000e+02 8.202674000000342858e-01 2.410000000000000000e+02
5.116000000000000000e+03 5.120000000000000000e+02 1.394923799999958192e+00 3.510000000000000000e+02
7.920000000000000000e+03 5.120000000000000000e+02 1.956548500000053536e+00 5.550000000000000000e+02
5.252000000000000000e+03 5.120000000000000000e+02 1.388110400000016398e+00 3.540000000000000000e+02
7.476000000000000000e+03 5.120000000000000000e+02 1.787909500000012031e+00 4.990000000000000000e+02
3.080000000000000000e+03 2.560000000000000000e+02 1.037057399999980589e+00 2.690000000000000000e+02
1.328000000000000000e+03 1.280000000000000000e+02 6.333788000000026841e-01 1.440000000000000000e+02
2.008000000000000000e+03 1.280000000000000000e+02 6.964955999999915548e-01 1.900000000000000000e+02
3.244000000000000000e+03 2.560000000000000000e+02 1.085107399999969857e+00 2.570000000000000000e+02
7.612000000000000000e+03 5.120000000000000000e+02 2.019664700000021185e+00 5.310000000000000000e+02
2.224000000000000000e+03 2.560000000000000000e+02 6.423771999999985383e-01 1.860000000000000000e+02
4.788000000000000000e+03 5.120000000000000000e+02 1.158457300000009127e+00 3.340000000000000000e+02
3.848000000000000000e+03 2.560000000000000000e+02 1.136561800000038147e+00 2.940000000000000000e+02
1.600000000000000000e+03 1.280000000000000000e+02 5.636516000000142412e-01 1.580000000000000000e+02
2.176000000000000000e+03 1.280000000000000000e+02 8.297423000000208049e-01 2.050000000000000000e+02
1.616000000000000000e+03 1.280000000000000000e+02 6.992663999999990665e-01 1.610000000000000000e+02
7.760000000000000000e+02 6.400000000000000000e+01 4.227956999999946675e-01 1.020000000000000000e+02
2.348000000000000000e+03 1.280000000000000000e+02 8.846955999999863707e-01 2.200000000000000000e+02
1.036000000000000000e+03 6.400000000000000000e+01 4.820814000000268607e-01 1.230000000000000000e+02
1.777600000000000000e+04 1.024000000000000000e+03 4.174862999999959357e+00 1.057000000000000000e+03
5.392000000000000000e+03 5.120000000000000000e+02 1.304893100000015238e+00 3.770000000000000000e+02
2.964000000000000000e+03 2.560000000000000000e+02 9.125657000000160224e-01 2.460000000000000000e+02
2.908000000000000000e+03 1.280000000000000000e+02 1.068456300000036663e+00 2.600000000000000000e+02
3.436000000000000000e+03 2.560000000000000000e+02 1.179045599999994920e+00 2.900000000000000000e+02
7.028000000000000000e+03 5.120000000000000000e+02 1.769505600000002232e+00 4.940000000000000000e+02
4.648000000000000000e+03 5.120000000000000000e+02 1.187146400000017366e+00 3.230000000000000000e+02
1.110000000000000000e+04 5.120000000000000000e+02 2.735168799999996736e+00 7.170000000000000000e+02
1.248000000000000000e+03 1.280000000000000000e+02 4.796650000000113323e-01 1.330000000000000000e+02
4.104000000000000000e+03 2.560000000000000000e+02 1.262138899999968089e+00 3.380000000000000000e+02
7.224000000000000000e+03 5.120000000000000000e+02 1.819618199999979424e+00 4.910000000000000000e+02
2.816000000000000000e+03 2.560000000000000000e+02 8.910632000000191510e-01 2.410000000000000000e+02
4.048000000000000000e+03 2.560000000000000000e+02 1.426906599999995251e+00 3.240000000000000000e+02
4.648000000000000000e+03 5.120000000000000000e+02 9.884994999999889842e-01 3.180000000000000000e+02
2.500000000000000000e+03 1.280000000000000000e+02 9.059330000000045402e-01 2.330000000000000000e+02
3.372000000000000000e+03 2.560000000000000000e+02 1.004132199999958175e+00 2.760000000000000000e+02
7.920000000000000000e+02 6.400000000000000000e+01 3.368368999999802327e-01 9.800000000000000000e+01
6.304000000000000000e+03 5.120000000000000000e+02 1.603151400000001559e+00 4.410000000000000000e+02
3.216000000000000000e+03 1.280000000000000000e+02 1.097708000000011452e+00 2.930000000000000000e+02
3.128000000000000000e+03 2.560000000000000000e+02 9.767671000000177628e-01 2.550000000000000000e+02
9.864000000000000000e+03 5.120000000000000000e+02 2.511426900000003570e+00 6.420000000000000000e+02
2.744000000000000000e+03 2.560000000000000000e+02 8.490963999999507905e-01 2.240000000000000000e+02
2.740000000000000000e+03 2.560000000000000000e+02 9.460141999999791551e-01 2.370000000000000000e+02
1.796000000000000000e+03 1.280000000000000000e+02 6.574458000000049651e-01 1.740000000000000000e+02
3.776000000000000000e+03 2.560000000000000000e+02 1.173989800000015293e+00 3.160000000000000000e+02
3.084000000000000000e+03 2.560000000000000000e+02 1.035967099999993479e+00 2.550000000000000000e+02
3.556000000000000000e+03 2.560000000000000000e+02 1.088222599999994600e+00 2.890000000000000000e+02
3.096000000000000000e+03 2.560000000000000000e+02 9.937026999999716281e-01 2.490000000000000000e+02
1.748000000000000000e+03 1.280000000000000000e+02 6.294498000000317006e-01 1.770000000000000000e+02
3.952000000000000000e+03 2.560000000000000000e+02 1.249574300000006133e+00 3.160000000000000000e+02
1.440000000000000000e+03 6.400000000000000000e+01 6.914413000000081411e-01 1.600000000000000000e+02
1.144800000000000000e+04 1.024000000000000000e+03 2.551583699999980581e+00 6.930000000000000000e+02
3.168000000000000000e+03 2.560000000000000000e+02 1.147435499999971853e+00 2.600000000000000000e+02
1.264000000000000000e+03 1.280000000000000000e+02 4.448068000000375832e-01 1.300000000000000000e+02
2.480000000000000000e+03 2.560000000000000000e+02 8.745420000000194705e-01 2.130000000000000000e+02
1.636000000000000000e+03 1.280000000000000000e+02 5.507781999999679101e-01 1.660000000000000000e+02
4.896000000000000000e+03 5.120000000000000000e+02 1.308886199999960809e+00 3.500000000000000000e+02
5.712000000000000000e+03 5.120000000000000000e+02 1.485246599999982209e+00 4.050000000000000000e+02
3.480000000000000000e+03 2.560000000000000000e+02 1.122558900000001358e+00 2.900000000000000000e+02
2.844000000000000000e+03 2.560000000000000000e+02 8.515598999999838270e-01 2.350000000000000000e+02
9.748000000000000000e+03 1.024000000000000000e+03 1.864566500000023552e+00 5.630000000000000000e+02
1.416000000000000000e+03 1.280000000000000000e+02 4.712954999999965366e-01 1.430000000000000000e+02
2.364000000000000000e+03 1.280000000000000000e+02 8.102997000000300432e-01 2.190000000000000000e+02
2.072000000000000000e+03 1.280000000000000000e+02 6.625303999999800908e-01 1.920000000000000000e+02
2.064000000000000000e+03 1.280000000000000000e+02 7.025853000000097381e-01 1.920000000000000000e+02
2.212000000000000000e+03 2.560000000000000000e+02 7.091440000000375221e-01 1.900000000000000000e+02
3.780000000000000000e+03 2.560000000000000000e+02 1.075560499999994590e+00 3.080000000000000000e+02
1.214000000000000000e+04 1.024000000000000000e+03 2.938019300000007661e+00 7.120000000000000000e+02
2.524000000000000000e+03 1.280000000000000000e+02 8.396187000000168155e-01 2.350000000000000000e+02
3.044000000000000000e+03 2.560000000000000000e+02 8.890893000000232860e-01 2.600000000000000000e+02
3.388000000000000000e+03 2.560000000000000000e+02 1.048464500000022781e+00 2.830000000000000000e+02
2.288000000000000000e+03 2.560000000000000000e+02 6.673011999999971522e-01 1.910000000000000000e+02
2.992000000000000000e+03 2.560000000000000000e+02 9.278267999999911808e-01 2.490000000000000000e+02
3.008000000000000000e+03 2.560000000000000000e+02 9.497744999999895299e-01 2.540000000000000000e+02
8.892000000000000000e+03 5.120000000000000000e+02 2.144408800000007886e+00 6.030000000000000000e+02
1.336000000000000000e+03 1.280000000000000000e+02 5.430091000000061285e-01 1.360000000000000000e+02
1.000000000000000000e+03 6.400000000000000000e+01 4.285610999999676096e-01 1.190000000000000000e+02
2.592000000000000000e+03 2.560000000000000000e+02 7.834711000000424974e-01 2.170000000000000000e+02
3.180000000000000000e+03 2.560000000000000000e+02 9.855249999999955435e-01 2.630000000000000000e+02
6.124000000000000000e+03 5.120000000000000000e+02 1.502954299999998966e+00 4.280000000000000000e+02
2.588000000000000000e+03 1.280000000000000000e+02 8.378695000000107029e-01 2.280000000000000000e+02
2.852000000000000000e+03 2.560000000000000000e+02 7.921003000000155225e-01 2.310000000000000000e+02
3.208000000000000000e+03 2.560000000000000000e+02 1.048920199999997749e+00 2.610000000000000000e+02
4.464000000000000000e+03 2.560000000000000000e+02 1.185223700000051394e+00 3.340000000000000000e+02
2.152000000000000000e+03 1.280000000000000000e+02 8.143542999999908716e-01 2.070000000000000000e+02
2.428000000000000000e+03 2.560000000000000000e+02 7.998188000000254760e-01 2.080000000000000000e+02
5.412000000000000000e+03 5.120000000000000000e+02 1.315870000000018081e+00 3.750000000000000000e+02
6.960000000000000000e+02 6.400000000000000000e+01 3.397119999999631546e-01 9.200000000000000000e+01
7.892000000000000000e+03 5.120000000000000000e+02 2.092592400000000907e+00 5.490000000000000000e+02
3.436000000000000000e+03 2.560000000000000000e+02 1.010899899999969875e+00 2.790000000000000000e+02
2.400000000000000000e+03 1.280000000000000000e+02 8.787234999999782303e-01 2.250000000000000000e+02
8.920000000000000000e+02 6.400000000000000000e+01 4.162038999999708722e-01 1.060000000000000000e+02
4.228000000000000000e+03 2.560000000000000000e+02 1.266643699999974615e+00 3.480000000000000000e+02
2.280000000000000000e+03 2.560000000000000000e+02 8.197185999999874184e-01 1.880000000000000000e+02
5.432000000000000000e+03 5.120000000000000000e+02 1.451090000000021973e+00 3.820000000000000000e+02
7.520000000000000000e+02 6.400000000000000000e+01 3.428283000000078573e-01 9.700000000000000000e+01
2.092000000000000000e+03 1.280000000000000000e+02 6.311814000000026681e-01 1.970000000000000000e+02
3.200000000000000000e+03 2.560000000000000000e+02 9.526915999999800988e-01 2.690000000000000000e+02
6.764000000000000000e+03 5.120000000000000000e+02 1.721968300000014551e+00 4.710000000000000000e+02
2.544000000000000000e+03 2.560000000000000000e+02 7.873885000000200307e-01 2.190000000000000000e+02
5.436000000000000000e+03 5.120000000000000000e+02 1.227469499999983782e+00 3.740000000000000000e+02
6.040000000000000000e+02 3.200000000000000000e+01 3.142240999999899032e-01 8.800000000000000000e+01
6.812000000000000000e+03 5.120000000000000000e+02 1.851671900000042115e+00 4.640000000000000000e+02
5.388000000000000000e+03 5.120000000000000000e+02 1.313935600000036175e+00 3.720000000000000000e+02
2.532000000000000000e+03 2.560000000000000000e+02 6.589116999999760083e-01 2.100000000000000000e+02
2.860000000000000000e+03 2.560000000000000000e+02 6.729783000000111315e-01 2.320000000000000000e+02
4.676000000000000000e+03 2.560000000000000000e+02 9.988999000000262640e-01 3.510000000000000000e+02
1.296000000000000000e+03 1.280000000000000000e+02 3.833301000000233216e-01 1.310000000000000000e+02
3.056000000000000000e+03 2.560000000000000000e+02 7.869128000000387146e-01 2.500000000000000000e+02
2.624000000000000000e+03 2.560000000000000000e+02 5.886390000000005784e-01 2.170000000000000000e+02
3.884000000000000000e+03 2.560000000000000000e+02 1.054730599999970764e+00 3.120000000000000000e+02
2.280000000000000000e+03 1.280000000000000000e+02 5.129926000000182285e-01 2.150000000000000000e+02
5.372000000000000000e+03 5.120000000000000000e+02 1.263008899999988444e+00 3.790000000000000000e+02
1.264000000000000000e+03 1.280000000000000000e+02 2.787016999999991640e-01 1.270000000000000000e+02
1.444000000000000000e+03 1.280000000000000000e+02 5.285279000000286942e-01 1.510000000000000000e+02
3.752000000000000000e+03 2.560000000000000000e+02 9.682968000000187203e-01 2.950000000000000000e+02
2.900000000000000000e+03 2.560000000000000000e+02 9.288318000000117536e-01 2.420000000000000000e+02
1.260000000000000000e+03 1.280000000000000000e+02 4.474318000000039319e-01 1.260000000000000000e+02
7.764000000000000000e+03 5.120000000000000000e+02 2.265264800000011292e+00 5.450000000000000000e+02
6.472000000000000000e+03 2.560000000000000000e+02 1.782769500000028984e+00 4.790000000000000000e+02
3.196000000000000000e+03 2.560000000000000000e+02 9.930678000000057182e-01 2.670000000000000000e+02
4.060000000000000000e+03 2.560000000000000000e+02 1.221615899999960675e+00 3.270000000000000000e+02
2.744000000000000000e+03 2.560000000000000000e+02 7.984049000000368324e-01 2.340000000000000000e+02
1.224000000000000000e+03 1.280000000000000000e+02 5.347550000000182990e-01 1.340000000000000000e+02
2.832000000000000000e+03 2.560000000000000000e+02 9.029853999999772896e-01 2.440000000000000000e+02
3.156000000000000000e+03 1.280000000000000000e+02 1.006495099999995091e+00 2.790000000000000000e+02
2.744000000000000000e+03 2.560000000000000000e+02 8.383838999999966290e-01 2.360000000000000000e+02
3.168000000000000000e+03 2.560000000000000000e+02 9.800538000000074135e-01 2.600000000000000000e+02
3.124000000000000000e+03 2.560000000000000000e+02 1.001186399999994592e+00 2.570000000000000000e+02
1.668000000000000000e+03 1.280000000000000000e+02 7.758355999999935193e-01 1.690000000000000000e+02
4.896000000000000000e+03 5.120000000000000000e+02 1.308593299999984083e+00 3.440000000000000000e+02
2.788000000000000000e+03 2.560000000000000000e+02 7.862619999999651554e-01 2.380000000000000000e+02
7.200000000000000000e+03 5.120000000000000000e+02 1.905439499999999953e+00 4.960000000000000000e+02
6.980000000000000000e+03 5.120000000000000000e+02 1.920725300000015068e+00 4.810000000000000000e+02
2.224000000000000000e+03 1.280000000000000000e+02 8.836863000000221291e-01 2.110000000000000000e+02
1.916000000000000000e+03 1.280000000000000000e+02 7.513460000000122818e-01 1.970000000000000000e+02
2.544000000000000000e+03 1.280000000000000000e+02 9.428790000000049076e-01 2.430000000000000000e+02
1.488000000000000000e+03 1.280000000000000000e+02 6.349284000000352535e-01 1.570000000000000000e+02
5.600000000000000000e+03 5.120000000000000000e+02 1.407212899999990441e+00 3.900000000000000000e+02
3.296000000000000000e+03 2.560000000000000000e+02 9.329050999999708438e-01 2.760000000000000000e+02
3.684000000000000000e+03 2.560000000000000000e+02 1.106779399999993529e+00 2.970000000000000000e+02
1.480000000000000000e+03 1.280000000000000000e+02 5.867774999999824104e-01 1.540000000000000000e+02
5.656000000000000000e+03 5.120000000000000000e+02 1.604720399999962410e+00 3.940000000000000000e+02
4.880000000000000000e+03 5.120000000000000000e+02 1.228670099999987997e+00 3.300000000000000000e+02
1.916000000000000000e+03 1.280000000000000000e+02 7.847340000000144755e-01 1.880000000000000000e+02
5.452000000000000000e+03 5.120000000000000000e+02 1.336583000000018728e+00 3.850000000000000000e+02
2.384000000000000000e+03 1.280000000000000000e+02 8.668734999999969659e-01 2.310000000000000000e+02
2.396000000000000000e+03 1.280000000000000000e+02 7.940848000000073625e-01 2.220000000000000000e+02
3.256000000000000000e+03 2.560000000000000000e+02 1.098991900000044097e+00 2.660000000000000000e+02
4.136000000000000000e+03 2.560000000000000000e+02 1.301814900000010766e+00 3.370000000000000000e+02
2.328000000000000000e+03 2.560000000000000000e+02 8.063490000000115288e-01 1.950000000000000000e+02
4.108000000000000000e+03 2.560000000000000000e+02 1.370343400000024303e+00 3.360000000000000000e+02
1.112000000000000000e+04 1.024000000000000000e+03 2.589450100000021848e+00 6.750000000000000000e+02
4.740000000000000000e+03 2.560000000000000000e+02 1.351628700000048866e+00 3.550000000000000000e+02
3.160000000000000000e+03 2.560000000000000000e+02 9.496929000000022825e-01 2.590000000000000000e+02
1.036000000000000000e+03 1.280000000000000000e+02 3.832696000000055392e-01 1.120000000000000000e+02
2.652000000000000000e+03 2.560000000000000000e+02 7.140393999999901098e-01 2.280000000000000000e+02
6.460000000000000000e+03 5.120000000000000000e+02 1.517463700000007520e+00 4.430000000000000000e+02
1.376000000000000000e+03 6.400000000000000000e+01 5.880026999999472537e-01 1.520000000000000000e+02
3.328000000000000000e+03 2.560000000000000000e+02 1.096294999999997799e+00 2.790000000000000000e+02
4.808000000000000000e+03 5.120000000000000000e+02 1.253915399999982583e+00 3.340000000000000000e+02
3.296000000000000000e+03 2.560000000000000000e+02 9.558076000000141903e-01 2.720000000000000000e+02
1.564000000000000000e+03 1.280000000000000000e+02 5.798070000000166146e-01 1.640000000000000000e+02
6.252000000000000000e+03 5.120000000000000000e+02 1.628423699999984819e+00 4.140000000000000000e+02
3.128000000000000000e+03 2.560000000000000000e+02 9.884700999999722626e-01 2.560000000000000000e+02
5.540000000000000000e+03 5.120000000000000000e+02 1.345922000000030039e+00 3.800000000000000000e+02
5.960000000000000000e+02 6.400000000000000000e+01 3.081550999999649321e-01 8.000000000000000000e+01
1.616000000000000000e+03 1.280000000000000000e+02 6.106532999999672029e-01 1.720000000000000000e+02
4.112000000000000000e+03 2.560000000000000000e+02 1.261330100000009224e+00 3.360000000000000000e+02
1.740000000000000000e+03 1.280000000000000000e+02 7.053091999999878681e-01 1.750000000000000000e+02
3.228000000000000000e+03 2.560000000000000000e+02 1.052737899999954152e+00 2.610000000000000000e+02
1.648000000000000000e+03 1.280000000000000000e+02 6.439487999999755630e-01 1.660000000000000000e+02
3.336000000000000000e+03 2.560000000000000000e+02 1.033436300000005303e+00 2.710000000000000000e+02
3.912000000000000000e+03 2.560000000000000000e+02 1.249644499999988057e+00 3.180000000000000000e+02
5.028000000000000000e+03 5.120000000000000000e+02 1.388053200000001652e+00 3.530000000000000000e+02
5.564000000000000000e+03 5.120000000000000000e+02 1.395878900000013800e+00 3.890000000000000000e+02
2.868000000000000000e+03 2.560000000000000000e+02 9.180771000000049753e-01 2.480000000000000000e+02
3.872000000000000000e+03 2.560000000000000000e+02 1.179918900000018311e+00 3.130000000000000000e+02
3.828000000000000000e+03 2.560000000000000000e+02 1.207397399999990739e+00 3.130000000000000000e+02
5.660000000000000000e+03 2.560000000000000000e+02 1.652747799999986000e+00 4.380000000000000000e+02
4.028000000000000000e+03 2.560000000000000000e+02 1.094749400000011974e+00 3.050000000000000000e+02
1.556000000000000000e+03 6.400000000000000000e+01 5.823297999999681451e-01 1.670000000000000000e+02
3.344000000000000000e+03 2.560000000000000000e+02 9.482792000000017651e-01 2.830000000000000000e+02
5.848000000000000000e+03 5.120000000000000000e+02 1.661730400000010377e+00 4.180000000000000000e+02
2.376000000000000000e+03 2.560000000000000000e+02 7.512537000000065746e-01 2.030000000000000000e+02
5.920000000000000000e+02 3.200000000000000000e+01 3.384471999999618674e-01 8.800000000000000000e+01
3.308000000000000000e+03 2.560000000000000000e+02 1.047091799999975592e+00 2.650000000000000000e+02
1.836000000000000000e+03 1.280000000000000000e+02 8.292076999999835607e-01 1.870000000000000000e+02
2.840000000000000000e+02 3.200000000000000000e+01 2.466479000000276756e-01 5.300000000000000000e+01
2.920000000000000000e+03 2.560000000000000000e+02 9.617225999999732267e-01 2.430000000000000000e+02
1.146800000000000000e+04 5.120000000000000000e+02 2.735651800000027833e+00 7.620000000000000000e+02
1.123600000000000000e+04 1.024000000000000000e+03 2.420129700000018147e+00 6.460000000000000000e+02
4.892000000000000000e+03 2.560000000000000000e+02 1.554997200000002522e+00 3.750000000000000000e+02
1.396000000000000000e+03 6.400000000000000000e+01 5.522311999999942600e-01 1.570000000000000000e+02
5.108000000000000000e+03 2.560000000000000000e+02 1.542773500000009790e+00 3.930000000000000000e+02
1.912000000000000000e+03 1.280000000000000000e+02 7.484567000000197368e-01 1.830000000000000000e+02
5.576000000000000000e+03 5.120000000000000000e+02 1.527873999999997068e+00 3.880000000000000000e+02
2.428000000000000000e+03 2.560000000000000000e+02 8.347509000000172819e-01 2.050000000000000000e+02
3.396000000000000000e+03 2.560000000000000000e+02 1.185361900000032165e+00 2.880000000000000000e+02
6.284000000000000000e+03 2.560000000000000000e+02 1.879032499999993888e+00 4.670000000000000000e+02
1.040000000000000000e+03 6.400000000000000000e+01 5.218646999999805303e-01 1.240000000000000000e+02
1.168000000000000000e+03 1.280000000000000000e+02 5.074265000000082182e-01 1.220000000000000000e+02
5.260000000000000000e+03 5.120000000000000000e+02 1.374415600000020277e+00 3.700000000000000000e+02
2.792000000000000000e+03 2.560000000000000000e+02 8.188943000000108441e-01 2.270000000000000000e+02
2.300000000000000000e+03 1.280000000000000000e+02 7.504793999999606058e-01 2.160000000000000000e+02
1.600000000000000000e+03 1.280000000000000000e+02 5.752697000000353000e-01 1.610000000000000000e+02
2.392000000000000000e+03 2.560000000000000000e+02 7.181772999999793683e-01 2.010000000000000000e+02
4.896000000000000000e+03 2.560000000000000000e+02 1.366279800000029354e+00 3.930000000000000000e+02
5.684000000000000000e+03 2.560000000000000000e+02 1.741187200000013036e+00 4.400000000000000000e+02
7.796000000000000000e+03 5.120000000000000000e+02 1.921994499999982509e+00 5.110000000000000000e+02
1.572000000000000000e+03 1.280000000000000000e+02 5.382426999999552208e-01 1.500000000000000000e+02
1.204000000000000000e+03 1.280000000000000000e+02 3.952756999999564869e-01 1.260000000000000000e+02
1.832000000000000000e+03 1.280000000000000000e+02 8.527348000000074535e-01 1.830000000000000000e+02
2.236000000000000000e+03 1.280000000000000000e+02 8.564099000000169326e-01 2.090000000000000000e+02
5.860000000000000000e+03 5.120000000000000000e+02 1.676916699999992488e+00 4.050000000000000000e+02
1.708000000000000000e+03 1.280000000000000000e+02 7.401322000000618573e-01 1.720000000000000000e+02
5.868000000000000000e+03 5.120000000000000000e+02 1.650286800000003495e+00 4.190000000000000000e+02
1.768000000000000000e+03 1.280000000000000000e+02 6.460077000000410408e-01 1.770000000000000000e+02
3.152000000000000000e+03 2.560000000000000000e+02 1.029664299999922150e+00 2.580000000000000000e+02
4.000000000000000000e+02 3.200000000000000000e+01 2.140019999999367428e-01 6.600000000000000000e+01
4.968000000000000000e+03 5.120000000000000000e+02 1.157111100000065562e+00 3.340000000000000000e+02
3.644000000000000000e+03 2.560000000000000000e+02 1.208225699999957214e+00 2.890000000000000000e+02
3.156000000000000000e+03 2.560000000000000000e+02 9.831188000000565808e-01 2.580000000000000000e+02
3.760000000000000000e+03 2.560000000000000000e+02 1.197920500000009270e+00 3.090000000000000000e+02
7.048000000000000000e+03 5.120000000000000000e+02 1.650099800000020878e+00 4.780000000000000000e+02
1.236000000000000000e+03 1.280000000000000000e+02 4.429564000000709711e-01 1.330000000000000000e+02
9.588000000000000000e+03 5.120000000000000000e+02 2.620432700000037585e+00 6.570000000000000000e+02
3.436000000000000000e+03 2.560000000000000000e+02 1.055551300000047377e+00 2.800000000000000000e+02
1.828000000000000000e+03 1.280000000000000000e+02 7.222767000000658300e-01 1.820000000000000000e+02
6.648000000000000000e+03 5.120000000000000000e+02 1.672958800000060364e+00 4.510000000000000000e+02
2.076000000000000000e+03 2.560000000000000000e+02 6.293038999999680527e-01 1.690000000000000000e+02
6.876000000000000000e+03 5.120000000000000000e+02 1.659809500000051230e+00 4.640000000000000000e+02
3.276000000000000000e+03 2.560000000000000000e+02 9.877775999999585110e-01 2.750000000000000000e+02
1.016000000000000000e+03 1.280000000000000000e+02 3.650675000000092041e-01 1.090000000000000000e+02
3.200000000000000000e+03 2.560000000000000000e+02 9.385243000000400571e-01 2.680000000000000000e+02
5.556000000000000000e+03 5.120000000000000000e+02 1.711795699999925091e+00 3.930000000000000000e+02
2.032000000000000000e+03 1.280000000000000000e+02 7.647694999999430365e-01 2.000000000000000000e+02
5.452000000000000000e+03 5.120000000000000000e+02 1.514642500000036307e+00 3.820000000000000000e+02
5.688000000000000000e+03 5.120000000000000000e+02 1.532859300000041003e+00 3.990000000000000000e+02
6.400000000000000000e+03 5.120000000000000000e+02 1.651277100000015707e+00 4.330000000000000000e+02
2.140000000000000000e+03 1.280000000000000000e+02 8.680098000000953107e-01 2.150000000000000000e+02
4.916000000000000000e+03 5.120000000000000000e+02 1.241044600000009268e+00 3.450000000000000000e+02
3.692000000000000000e+03 2.560000000000000000e+02 1.111660799999981464e+00 3.020000000000000000e+02
7.172000000000000000e+03 5.120000000000000000e+02 2.004869200000030105e+00 4.960000000000000000e+02
3.132000000000000000e+03 2.560000000000000000e+02 9.761660000000347281e-01 2.550000000000000000e+02
2.156000000000000000e+03 1.280000000000000000e+02 7.856386999999358522e-01 2.020000000000000000e+02
6.344000000000000000e+03 5.120000000000000000e+02 1.623794999999972788e+00 4.500000000000000000e+02
5.700000000000000000e+03 5.120000000000000000e+02 1.717323299999975461e+00 4.080000000000000000e+02
2.696000000000000000e+03 2.560000000000000000e+02 8.332021000001077482e-01 2.300000000000000000e+02
1.840000000000000000e+02 3.200000000000000000e+01 1.404410999999754495e-01 4.000000000000000000e+01
3.692000000000000000e+03 2.560000000000000000e+02 1.149171499999965818e+00 2.990000000000000000e+02
3.484000000000000000e+03 2.560000000000000000e+02 1.050959700000021257e+00 2.910000000000000000e+02
5.456000000000000000e+03 5.120000000000000000e+02 1.376526099999978214e+00 3.840000000000000000e+02
3.520000000000000000e+02 3.200000000000000000e+01 2.001890000000230430e-01 6.000000000000000000e+01
5.704000000000000000e+03 5.120000000000000000e+02 1.530193499999995765e+00 4.060000000000000000e+02
1.396000000000000000e+03 1.280000000000000000e+02 9.050178999999616281e-01 1.520000000000000000e+02
6.732000000000000000e+03 5.120000000000000000e+02 2.052880899999991016e+00 4.500000000000000000e+02
1.116000000000000000e+03 6.400000000000000000e+01 4.888995999999679043e-01 1.320000000000000000e+02
9.840000000000000000e+02 6.400000000000000000e+01 4.306105999999090272e-01 1.150000000000000000e+02
6.804000000000000000e+03 5.120000000000000000e+02 1.705595700000003490e+00 4.500000000000000000e+02
2.456000000000000000e+03 2.560000000000000000e+02 7.488275999999132182e-01 2.100000000000000000e+02
2.980000000000000000e+03 2.560000000000000000e+02 9.704232000000274638e-01 2.460000000000000000e+02
2.320000000000000000e+03 1.280000000000000000e+02 7.566903999999112784e-01 2.170000000000000000e+02
5.400000000000000000e+02 3.200000000000000000e+01 3.409755999999788401e-01 8.000000000000000000e+01
7.892000000000000000e+03 5.120000000000000000e+02 2.107930200000055265e+00 5.470000000000000000e+02
3.652000000000000000e+03 2.560000000000000000e+02 1.155769400000053793e+00 3.010000000000000000e+02
2.124000000000000000e+03 1.280000000000000000e+02 8.017479999999750362e-01 1.970000000000000000e+02
2.876000000000000000e+03 2.560000000000000000e+02 9.060254999999415304e-01 2.500000000000000000e+02
2.620000000000000000e+03 2.560000000000000000e+02 9.034984999999551292e-01 2.210000000000000000e+02
3.228000000000000000e+03 2.560000000000000000e+02 1.016675599999985025e+00 2.710000000000000000e+02
1.057200000000000000e+04 1.024000000000000000e+03 2.286467700000002878e+00 6.120000000000000000e+02
8.880000000000000000e+02 6.400000000000000000e+01 4.492485000000669970e-01 1.170000000000000000e+02
1.172000000000000000e+03 6.400000000000000000e+01 5.249769999999216452e-01 1.300000000000000000e+02
1.236000000000000000e+03 1.280000000000000000e+02 4.872627000000875341e-01 1.300000000000000000e+02
3.248000000000000000e+03 2.560000000000000000e+02 1.019411999999988439e+00 2.690000000000000000e+02
3.560000000000000000e+03 2.560000000000000000e+02 1.123930599999994229e+00 2.890000000000000000e+02
3.128000000000000000e+03 2.560000000000000000e+02 1.034342699999911019e+00 2.570000000000000000e+02
3.768000000000000000e+03 2.560000000000000000e+02 1.238134399999921698e+00 3.030000000000000000e+02
4.852000000000000000e+03 5.120000000000000000e+02 1.198847300000011273e+00 3.320000000000000000e+02
6.832000000000000000e+03 5.120000000000000000e+02 1.572513899999989917e+00 4.610000000000000000e+02
1.840000000000000000e+03 1.280000000000000000e+02 7.864898000000266620e-01 1.730000000000000000e+02
3.524000000000000000e+03 2.560000000000000000e+02 1.067116800000007970e+00 2.970000000000000000e+02
1.512000000000000000e+03 1.280000000000000000e+02 6.334308000000419270e-01 1.550000000000000000e+02
5.152000000000000000e+03 5.120000000000000000e+02 1.232764299999985269e+00 3.520000000000000000e+02
1.588000000000000000e+03 1.280000000000000000e+02 5.540173000000550019e-01 1.660000000000000000e+02
4.020000000000000000e+03 2.560000000000000000e+02 1.214164700000083030e+00 3.200000000000000000e+02
3.200000000000000000e+03 2.560000000000000000e+02 1.085023099999943952e+00 2.640000000000000000e+02
1.420000000000000000e+03 1.280000000000000000e+02 5.952813000000105603e-01 1.430000000000000000e+02
2.940000000000000000e+03 2.560000000000000000e+02 7.603447999999843887e-01 2.300000000000000000e+02
8.016000000000000000e+03 5.120000000000000000e+02 2.263317299999926036e+00 5.640000000000000000e+02
2.448000000000000000e+03 2.560000000000000000e+02 8.670644999999694846e-01 2.060000000000000000e+02
5.548000000000000000e+03 5.120000000000000000e+02 1.533713799999986804e+00 3.810000000000000000e+02
4.380000000000000000e+03 2.560000000000000000e+02 1.339395200000012665e+00 3.600000000000000000e+02
1.708000000000000000e+03 1.280000000000000000e+02 5.931724999999232750e-01 1.740000000000000000e+02
1.608000000000000000e+03 1.280000000000000000e+02 5.849790999999413543e-01 1.690000000000000000e+02
2.136000000000000000e+03 1.280000000000000000e+02 6.919239000000061424e-01 1.960000000000000000e+02
2.440000000000000000e+03 2.560000000000000000e+02 8.733610000000453510e-01 2.060000000000000000e+02
7.096000000000000000e+03 5.120000000000000000e+02 1.968807600000104685e+00 4.790000000000000000e+02
1.900000000000000000e+03 1.280000000000000000e+02 7.446688999999651060e-01 1.840000000000000000e+02
7.336000000000000000e+03 5.120000000000000000e+02 1.874239999999986139e+00 5.070000000000000000e+02
2.192000000000000000e+03 2.560000000000000000e+02 7.454285000000027139e-01 1.890000000000000000e+02
7.372000000000000000e+03 5.120000000000000000e+02 2.031381000000010317e+00 5.110000000000000000e+02
3.164000000000000000e+03 2.560000000000000000e+02 9.729059000000006563e-01 2.590000000000000000e+02
6.112000000000000000e+03 5.120000000000000000e+02 1.475140900000042166e+00 4.090000000000000000e+02
5.292000000000000000e+03 5.120000000000000000e+02 1.341476499999998850e+00 3.640000000000000000e+02
3.536000000000000000e+03 2.560000000000000000e+02 1.002061500000081651e+00 2.840000000000000000e+02
2.744000000000000000e+03 2.560000000000000000e+02 7.557585000000699438e-01 2.200000000000000000e+02
1.436000000000000000e+03 1.280000000000000000e+02 4.745424999999841020e-01 1.470000000000000000e+02
1.756000000000000000e+03 1.280000000000000000e+02 9.007566999999880863e-01 1.800000000000000000e+02
5.824000000000000000e+03 2.560000000000000000e+02 1.878650500000048851e+00 4.440000000000000000e+02
1.116000000000000000e+03 1.280000000000000000e+02 5.277486999999609907e-01 1.170000000000000000e+02
2.780000000000000000e+03 2.560000000000000000e+02 9.797872999999981403e-01 2.390000000000000000e+02
2.000000000000000000e+03 1.280000000000000000e+02 7.405989999999746942e-01 1.980000000000000000e+02
2.832000000000000000e+03 2.560000000000000000e+02 1.093896200000017416e+00 2.470000000000000000e+02
3.452000000000000000e+03 2.560000000000000000e+02 1.149558500000011918e+00 2.830000000000000000e+02
2.484000000000000000e+03 2.560000000000000000e+02 8.439970000000585060e-01 2.140000000000000000e+02
1.237600000000000000e+04 1.024000000000000000e+03 2.890509599999973034e+00 7.390000000000000000e+02
3.340000000000000000e+03 2.560000000000000000e+02 9.147564000001011664e-01 2.790000000000000000e+02
3.632000000000000000e+03 2.560000000000000000e+02 1.100809400000002825e+00 3.010000000000000000e+02
3.176000000000000000e+03 2.560000000000000000e+02 1.038681199999928140e+00 2.670000000000000000e+02
5.888000000000000000e+03 5.120000000000000000e+02 1.425029400000084934e+00 4.010000000000000000e+02
3.164000000000000000e+03 2.560000000000000000e+02 8.812750999999252599e-01 2.600000000000000000e+02
2.532000000000000000e+03 2.560000000000000000e+02 8.999435999999150226e-01 2.170000000000000000e+02
1.492000000000000000e+03 1.280000000000000000e+02 5.493807000000288099e-01 1.470000000000000000e+02
4.896000000000000000e+03 2.560000000000000000e+02 1.738114800000062132e+00 3.760000000000000000e+02
2.320000000000000000e+03 1.280000000000000000e+02 9.744524000000183150e-01 2.090000000000000000e+02
2.772000000000000000e+03 2.560000000000000000e+02 9.544151000000056229e-01 2.230000000000000000e+02
6.688000000000000000e+03 5.120000000000000000e+02 2.468166599999904065e+00 4.570000000000000000e+02
5.780000000000000000e+03 5.120000000000000000e+02 1.954235899999957837e+00 4.100000000000000000e+02
3.172000000000000000e+03 1.280000000000000000e+02 1.350843200000099387e+00 2.810000000000000000e+02
3.052000000000000000e+03 2.560000000000000000e+02 1.211920899999995527e+00 2.410000000000000000e+02
1.428000000000000000e+03 1.280000000000000000e+02 6.024673999999095031e-01 1.500000000000000000e+02
4.972000000000000000e+03 2.560000000000000000e+02 2.058576399999992645e+00 3.870000000000000000e+02
7.100000000000000000e+03 5.120000000000000000e+02 2.543537099999980455e+00 4.800000000000000000e+02
2.104000000000000000e+03 1.280000000000000000e+02 8.617328000000270549e-01 1.920000000000000000e+02
2.500000000000000000e+03 1.280000000000000000e+02 1.058738400000038382e+00 2.330000000000000000e+02
3.036000000000000000e+03 2.560000000000000000e+02 1.096684699999968871e+00 2.540000000000000000e+02
2.444000000000000000e+03 2.560000000000000000e+02 1.069874900000058915e+00 2.100000000000000000e+02
2.008000000000000000e+03 2.560000000000000000e+02 7.843004000000064480e-01 1.650000000000000000e+02
7.748000000000000000e+03 5.120000000000000000e+02 2.733459699999912118e+00 5.480000000000000000e+02
4.712000000000000000e+03 5.120000000000000000e+02 1.887640700000019933e+00 3.260000000000000000e+02
3.092000000000000000e+03 2.560000000000000000e+02 1.538517800000022362e+00 2.530000000000000000e+02
5.888000000000000000e+03 5.120000000000000000e+02 2.383039000000053420e+00 4.080000000000000000e+02
2.944000000000000000e+03 2.560000000000000000e+02 1.366466199999990749e+00 2.520000000000000000e+02
3.752000000000000000e+03 2.560000000000000000e+02 2.061390299999970921e+00 2.990000000000000000e+02
1.124000000000000000e+03 1.280000000000000000e+02 6.649550000000772343e-01 1.200000000000000000e+02
2.256000000000000000e+03 1.280000000000000000e+02 1.191368099999976948e+00 2.120000000000000000e+02
7.880000000000000000e+02 6.400000000000000000e+01 5.224812000000156331e-01 9.900000000000000000e+01
7.788000000000000000e+03 5.120000000000000000e+02 3.133338299999991250e+00 5.360000000000000000e+02
1.772000000000000000e+03 1.280000000000000000e+02 1.210023599999999533e+00 1.830000000000000000e+02
2.668000000000000000e+03 2.560000000000000000e+02 1.194103100000006634e+00 2.280000000000000000e+02
4.916000000000000000e+03 2.560000000000000000e+02 2.595680600000036975e+00 3.770000000000000000e+02
5.604000000000000000e+03 5.120000000000000000e+02 2.481751600000052349e+00 3.900000000000000000e+02
7.120000000000000000e+02 6.400000000000000000e+01 6.286934999999402862e-01 9.500000000000000000e+01
9.160000000000000000e+02 6.400000000000000000e+01 4.412793999999848893e-01 1.100000000000000000e+02
1.016000000000000000e+03 6.400000000000000000e+01 5.424342000000024200e-01 1.260000000000000000e+02
1.716000000000000000e+03 1.280000000000000000e+02 7.871536000000105560e-01 1.690000000000000000e+02
2.988000000000000000e+03 2.560000000000000000e+02 1.138804299999947034e+00 2.440000000000000000e+02
2.348000000000000000e+03 2.560000000000000000e+02 8.970709999999826323e-01 2.010000000000000000e+02
1.932000000000000000e+03 2.560000000000000000e+02 8.180480999999417691e-01 1.580000000000000000e+02
2.624000000000000000e+03 1.280000000000000000e+02 1.480496199999947748e+00 2.470000000000000000e+02
1.160000000000000000e+03 1.280000000000000000e+02 6.521491999999398104e-01 1.240000000000000000e+02
1.352000000000000000e+03 1.280000000000000000e+02 8.711657999999715685e-01 1.400000000000000000e+02
4.592000000000000000e+03 2.560000000000000000e+02 2.269602699999950346e+00 3.600000000000000000e+02
1.104000000000000000e+03 6.400000000000000000e+01 8.316770000000133223e-01 1.250000000000000000e+02
3.564000000000000000e+03 2.560000000000000000e+02 1.515443799999957264e+00 2.870000000000000000e+02
1.684000000000000000e+03 1.280000000000000000e+02 9.276679000000740416e-01 1.670000000000000000e+02
9.440000000000000000e+02 6.400000000000000000e+01 6.506314000000656961e-01 1.100000000000000000e+02
2.944000000000000000e+03 2.560000000000000000e+02 1.402676900000074056e+00 2.440000000000000000e+02
5.288000000000000000e+03 5.120000000000000000e+02 2.308468400000037946e+00 3.700000000000000000e+02
1.916000000000000000e+03 1.280000000000000000e+02 1.183852500000057262e+00 1.940000000000000000e+02
7.052000000000000000e+03 5.120000000000000000e+02 2.422874500000034459e+00 4.930000000000000000e+02
1.792000000000000000e+03 1.280000000000000000e+02 6.344563000000107422e-01 1.700000000000000000e+02
1.392400000000000000e+04 1.024000000000000000e+03 3.681716199999982564e+00 8.440000000000000000e+02
1.673200000000000000e+04 1.024000000000000000e+03 5.591005699999982426e+00 9.830000000000000000e+02
5.580000000000000000e+03 5.120000000000000000e+02 2.411572299999988900e+00 4.000000000000000000e+02
5.456000000000000000e+03 5.120000000000000000e+02 2.257918600000039078e+00 3.840000000000000000e+02
2.884000000000000000e+03 2.560000000000000000e+02 1.355090500000073916e+00 2.490000000000000000e+02
1.632000000000000000e+03 1.280000000000000000e+02 7.787828000000445172e-01 1.640000000000000000e+02
8.480000000000000000e+03 5.120000000000000000e+02 3.837805399999979272e+00 5.790000000000000000e+02
2.892000000000000000e+03 2.560000000000000000e+02 1.307034300000054827e+00 2.460000000000000000e+02
4.808000000000000000e+03 2.560000000000000000e+02 1.862832900000057634e+00 3.810000000000000000e+02
7.240000000000000000e+03 5.120000000000000000e+02 2.930290800000079798e+00 5.040000000000000000e+02
4.004000000000000000e+03 2.560000000000000000e+02 1.737784299999930226e+00 3.010000000000000000e+02
8.028000000000000000e+03 5.120000000000000000e+02 3.717425099999900340e+00 5.610000000000000000e+02
3.400000000000000000e+03 2.560000000000000000e+02 1.296198399999980211e+00 2.790000000000000000e+02
5.108000000000000000e+03 2.560000000000000000e+02 1.987314400000059322e+00 3.940000000000000000e+02
3.872000000000000000e+03 2.560000000000000000e+02 1.891887500000052569e+00 3.100000000000000000e+02
3.168000000000000000e+03 2.560000000000000000e+02 1.754004200000053970e+00 2.610000000000000000e+02
2.808000000000000000e+03 2.560000000000000000e+02 1.507221800000024814e+00 2.440000000000000000e+02
5.544000000000000000e+03 2.560000000000000000e+02 2.373816499999975349e+00 4.180000000000000000e+02
3.088000000000000000e+03 2.560000000000000000e+02 1.635740000000055261e+00 2.590000000000000000e+02
2.572000000000000000e+03 2.560000000000000000e+02 1.236358200000040597e+00 2.190000000000000000e+02
3.120000000000000000e+03 2.560000000000000000e+02 1.116675500000042121e+00 2.530000000000000000e+02
7.160000000000000000e+03 5.120000000000000000e+02 2.296305099999926824e+00 4.900000000000000000e+02
3.516000000000000000e+03 2.560000000000000000e+02 1.649933099999998376e+00 2.930000000000000000e+02
8.088000000000000000e+03 5.120000000000000000e+02 2.883285399999977017e+00 5.470000000000000000e+02
3.656000000000000000e+03 2.560000000000000000e+02 1.341121400000020003e+00 3.020000000000000000e+02
1.580000000000000000e+03 1.280000000000000000e+02 7.985011999999187537e-01 1.690000000000000000e+02
5.092000000000000000e+03 5.120000000000000000e+02 2.583693499999981213e+00 3.470000000000000000e+02
3.856000000000000000e+03 2.560000000000000000e+02 1.654973999999924672e+00 3.090000000000000000e+02
3.764000000000000000e+03 2.560000000000000000e+02 1.644108399999936410e+00 3.010000000000000000e+02
3.148000000000000000e+03 2.560000000000000000e+02 1.079317100000025675e+00 2.610000000000000000e+02
4.732000000000000000e+03 5.120000000000000000e+02 1.457893000000012762e+00 3.280000000000000000e+02
2.824000000000000000e+03 2.560000000000000000e+02 1.586543000000006032e+00 2.290000000000000000e+02
1.700000000000000000e+03 1.280000000000000000e+02 8.587929999999914799e-01 1.700000000000000000e+02
3.136000000000000000e+03 2.560000000000000000e+02 1.793646099999932630e+00 2.650000000000000000e+02
2.048000000000000000e+03 1.280000000000000000e+02 1.195080399999937981e+00 1.890000000000000000e+02
5.340000000000000000e+03 5.120000000000000000e+02 1.766083000000094216e+00 3.800000000000000000e+02
8.200000000000000000e+02 6.400000000000000000e+01 5.322692999999389940e-01 1.060000000000000000e+02
3.000000000000000000e+03 2.560000000000000000e+02 1.203906100000040169e+00 2.410000000000000000e+02
9.828000000000000000e+03 1.024000000000000000e+03 2.685689599999932398e+00 5.660000000000000000e+02
6.368000000000000000e+03 5.120000000000000000e+02 1.891495500000019092e+00 4.540000000000000000e+02
2.096000000000000000e+03 1.280000000000000000e+02 9.793627999999898748e-01 2.010000000000000000e+02
3.076000000000000000e+03 2.560000000000000000e+02 1.186700499999915337e+00 2.530000000000000000e+02
2.404000000000000000e+03 1.280000000000000000e+02 1.603477999999995518e+00 2.250000000000000000e+02
1.156800000000000000e+04 1.024000000000000000e+03 3.390796099999988655e+00 6.800000000000000000e+02
3.576000000000000000e+03 2.560000000000000000e+02 1.893003700000008394e+00 2.940000000000000000e+02
2.296000000000000000e+03 1.280000000000000000e+02 1.514787799999908202e+00 2.150000000000000000e+02
7.228000000000000000e+03 5.120000000000000000e+02 3.233239599999933489e+00 5.020000000000000000e+02
2.328000000000000000e+03 2.560000000000000000e+02 1.202937499999961801e+00 1.960000000000000000e+02
5.956000000000000000e+03 5.120000000000000000e+02 2.170383300000025883e+00 4.130000000000000000e+02
7.676000000000000000e+03 5.120000000000000000e+02 2.555456899999967391e+00 4.980000000000000000e+02
4.960000000000000000e+03 5.120000000000000000e+02 1.927140300000019124e+00 3.420000000000000000e+02
2.416000000000000000e+03 2.560000000000000000e+02 1.170089999999959218e+00 2.010000000000000000e+02
4.308000000000000000e+03 2.560000000000000000e+02 1.840216800000007424e+00 3.530000000000000000e+02
7.172000000000000000e+03 5.120000000000000000e+02 2.391751300000009905e+00 4.930000000000000000e+02
9.600000000000000000e+02 6.400000000000000000e+01 7.273102999999991880e-01 1.200000000000000000e+02
5.720000000000000000e+03 5.120000000000000000e+02 1.133375300000011521e+00 4.020000000000000000e+02
7.400000000000000000e+02 6.400000000000000000e+01 9.038190000001122826e-02 9.800000000000000000e+01
5.220000000000000000e+03 2.560000000000000000e+02 4.104370999999673586e-01 4.040000000000000000e+02
3.584000000000000000e+03 2.560000000000000000e+02 2.672355999999354026e-01 2.850000000000000000e+02
3.828000000000000000e+03 2.560000000000000000e+02 3.319517999999561653e-01 3.140000000000000000e+02
2.456000000000000000e+03 2.560000000000000000e+02 1.366649999999935972e-01 2.090000000000000000e+02
1.600000000000000000e+03 1.280000000000000000e+02 9.676109999998061539e-02 1.690000000000000000e+02
5.748000000000000000e+03 5.120000000000000000e+02 3.390511000000060449e-01 4.090000000000000000e+02
2.316000000000000000e+03 2.560000000000000000e+02 1.108279000000038650e-01 1.930000000000000000e+02
9.480000000000000000e+02 6.400000000000000000e+01 6.216340000003128807e-02 1.110000000000000000e+02
3.200000000000000000e+03 2.560000000000000000e+02 2.557045999999445485e-01 2.640000000000000000e+02
4.260000000000000000e+03 2.560000000000000000e+02 3.156662000000096668e-01 3.410000000000000000e+02
4.380000000000000000e+03 2.560000000000000000e+02 2.553785000000061700e-01 3.580000000000000000e+02
4.816000000000000000e+03 5.120000000000000000e+02 3.222164000000020678e-01 3.380000000000000000e+02
9.784000000000000000e+03 1.024000000000000000e+03 4.260869999999385982e-01 5.560000000000000000e+02
3.544000000000000000e+03 2.560000000000000000e+02 1.515253000000029715e-01 3.010000000000000000e+02
1.424000000000000000e+03 1.280000000000000000e+02 1.191874999999527063e-01 1.480000000000000000e+02
2.024000000000000000e+03 1.280000000000000000e+02 1.414892999999892709e-01 1.920000000000000000e+02
2.536000000000000000e+03 2.560000000000000000e+02 2.302402000000256521e-01 2.150000000000000000e+02
8.576000000000000000e+03 5.120000000000000000e+02 5.476783999999952357e-01 6.030000000000000000e+02
2.588000000000000000e+03 2.560000000000000000e+02 1.429469000000835877e-01 2.170000000000000000e+02
1.281600000000000000e+04 1.024000000000000000e+03 1.031101100000000770e+00 7.420000000000000000e+02
5.388000000000000000e+03 5.120000000000000000e+02 6.026209000000335436e-01 3.770000000000000000e+02
9.080000000000000000e+02 6.400000000000000000e+01 1.793992000000343978e-01 1.120000000000000000e+02
3.096000000000000000e+03 2.560000000000000000e+02 3.661776000000145359e-01 2.660000000000000000e+02
3.800000000000000000e+03 2.560000000000000000e+02 4.294866000000183703e-01 3.070000000000000000e+02
1.620000000000000000e+03 1.280000000000000000e+02 3.286149999998997373e-01 1.630000000000000000e+02
3.156000000000000000e+03 2.560000000000000000e+02 3.876052000000527187e-01 2.620000000000000000e+02
7.716000000000000000e+03 5.120000000000000000e+02 8.661508999999796288e-01 5.420000000000000000e+02
4.920000000000000000e+03 2.560000000000000000e+02 5.294251999999914915e-01 3.780000000000000000e+02
2.200000000000000000e+02 1.600000000000000000e+01 6.114430000002357701e-02 4.900000000000000000e+01
2.948000000000000000e+03 2.560000000000000000e+02 3.132920000000467553e-01 2.420000000000000000e+02
2.612000000000000000e+03 2.560000000000000000e+02 3.210857999999916501e-01 2.290000000000000000e+02
2.228000000000000000e+03 1.280000000000000000e+02 3.427991000000929489e-01 2.170000000000000000e+02
1.056000000000000000e+03 6.400000000000000000e+01 1.962811000000783679e-01 1.280000000000000000e+02
3.248000000000000000e+03 2.560000000000000000e+02 4.780924000000368324e-01 2.690000000000000000e+02
9.600000000000000000e+02 6.400000000000000000e+01 1.827761000000691638e-01 1.160000000000000000e+02
6.172000000000000000e+03 2.560000000000000000e+02 6.517489999999952488e-01 4.540000000000000000e+02
7.520000000000000000e+02 6.400000000000000000e+01 1.401822999999922104e-01 9.900000000000000000e+01
8.660000000000000000e+03 5.120000000000000000e+02 7.565587000000277840e-01 5.790000000000000000e+02
2.444000000000000000e+03 2.560000000000000000e+02 2.703873000000385218e-01 2.080000000000000000e+02
1.140000000000000000e+03 1.280000000000000000e+02 1.591316999999889958e-01 1.190000000000000000e+02
2.460000000000000000e+03 1.280000000000000000e+02 3.168015999999624910e-01 2.300000000000000000e+02
3.700000000000000000e+03 2.560000000000000000e+02 5.173825000000533691e-01 3.020000000000000000e+02
1.568000000000000000e+03 1.280000000000000000e+02 3.728882999999996173e-01 1.610000000000000000e+02
3.160000000000000000e+03 2.560000000000000000e+02 5.524483000000373067e-01 2.610000000000000000e+02
5.108000000000000000e+03 2.560000000000000000e+02 7.158891000000267013e-01 3.940000000000000000e+02
3.652000000000000000e+03 2.560000000000000000e+02 4.392290999999204359e-01 2.870000000000000000e+02
5.404000000000000000e+03 5.120000000000000000e+02 4.805486000000200875e-01 3.740000000000000000e+02
1.904000000000000000e+03 1.280000000000000000e+02 2.329259000000547530e-01 1.860000000000000000e+02
1.668000000000000000e+03 6.400000000000000000e+01 2.283391999999366817e-01 1.770000000000000000e+02
2.476000000000000000e+03 1.280000000000000000e+02 3.039386000000376953e-01 2.310000000000000000e+02
3.744000000000000000e+03 2.560000000000000000e+02 3.902878000000100656e-01 3.080000000000000000e+02
6.464000000000000000e+03 5.120000000000000000e+02 5.658806999999796972e-01 4.440000000000000000e+02
5.812000000000000000e+03 2.560000000000000000e+02 5.632642000000487315e-01 4.440000000000000000e+02
4.012000000000000000e+03 2.560000000000000000e+02 4.219811000000390777e-01 3.290000000000000000e+02
3.436000000000000000e+03 2.560000000000000000e+02 3.579366999999820109e-01 2.810000000000000000e+02
7.568000000000000000e+03 5.120000000000000000e+02 6.826650000000427099e-01 5.360000000000000000e+02
3.016000000000000000e+03 1.280000000000000000e+02 3.310107999999445383e-01 2.630000000000000000e+02
4.184000000000000000e+03 2.560000000000000000e+02 4.084302999999636086e-01 3.260000000000000000e+02
7.048000000000000000e+03 5.120000000000000000e+02 6.054432000000815606e-01 4.830000000000000000e+02
6.420000000000000000e+03 5.120000000000000000e+02 5.591751000000613203e-01 4.380000000000000000e+02
4.112000000000000000e+03 2.560000000000000000e+02 4.450841999999965992e-01 3.450000000000000000e+02
3.764000000000000000e+03 2.560000000000000000e+02 3.901673999999957232e-01 2.980000000000000000e+02
3.336000000000000000e+03 2.560000000000000000e+02 3.476289999999835345e-01 2.710000000000000000e+02
4.204000000000000000e+03 2.560000000000000000e+02 4.372808999999051593e-01 3.430000000000000000e+02
6.344000000000000000e+03 5.120000000000000000e+02 5.414155000000846485e-01 4.260000000000000000e+02
1.612000000000000000e+03 1.280000000000000000e+02 2.002346000000443382e-01 1.610000000000000000e+02
1.520000000000000000e+03 1.280000000000000000e+02 2.037298000000191678e-01 1.570000000000000000e+02
1.016000000000000000e+03 6.400000000000000000e+01 1.593818999999712105e-01 1.210000000000000000e+02
3.148000000000000000e+03 2.560000000000000000e+02 3.411678999999594453e-01 2.650000000000000000e+02
9.720000000000000000e+02 1.280000000000000000e+02 1.321022999999286185e-01 1.050000000000000000e+02
3.192000000000000000e+03 1.280000000000000000e+02 3.794606000000158019e-01 2.860000000000000000e+02
3.284000000000000000e+03 2.560000000000000000e+02 3.497139999999490101e-01 2.710000000000000000e+02
5.284000000000000000e+03 2.560000000000000000e+02 5.047348999999030639e-01 3.970000000000000000e+02
2.268000000000000000e+03 1.280000000000000000e+02 2.653953999999885127e-01 2.080000000000000000e+02
5.256000000000000000e+03 2.560000000000000000e+02 6.015201000000161002e-01 4.130000000000000000e+02
7.796000000000000000e+03 5.120000000000000000e+02 8.532013000000233660e-01 5.320000000000000000e+02
8.840000000000000000e+02 6.400000000000000000e+01 1.904124999999794454e-01 1.070000000000000000e+02
5.588000000000000000e+03 5.120000000000000000e+02 6.034951000000319254e-01 3.900000000000000000e+02
2.848000000000000000e+03 2.560000000000000000e+02 3.527261000000407876e-01 2.260000000000000000e+02
4.248000000000000000e+03 2.560000000000000000e+02 7.161564000000453234e-01 3.520000000000000000e+02
4.252000000000000000e+03 2.560000000000000000e+02 8.689564999999674910e-01 3.420000000000000000e+02
3.492000000000000000e+03 2.560000000000000000e+02 5.977711000000454078e-01 2.980000000000000000e+02
9.320000000000000000e+02 6.400000000000000000e+01 1.635272999999415333e-01 1.180000000000000000e+02
3.132000000000000000e+03 1.280000000000000000e+02 3.714200000000573709e-01 2.710000000000000000e+02
4.300000000000000000e+03 5.120000000000000000e+02 4.922692000000097323e-01 2.840000000000000000e+02
6.956000000000000000e+03 5.120000000000000000e+02 7.529402999999774693e-01 4.760000000000000000e+02
1.816000000000000000e+03 1.280000000000000000e+02 2.543047000000342450e-01 1.820000000000000000e+02
1.209200000000000000e+04 1.024000000000000000e+03 1.077630600000020422e+00 7.160000000000000000e+02
1.264000000000000000e+03 1.280000000000000000e+02 1.825324999999793363e-01 1.360000000000000000e+02
6.220000000000000000e+03 5.120000000000000000e+02 6.612752999999429449e-01 4.410000000000000000e+02
3.576000000000000000e+03 2.560000000000000000e+02 5.286761000000979038e-01 2.990000000000000000e+02
2.312000000000000000e+03 2.560000000000000000e+02 3.215817999999899257e-01 1.910000000000000000e+02
6.812000000000000000e+03 5.120000000000000000e+02 6.242311999999401451e-01 4.670000000000000000e+02
9.640000000000000000e+02 6.400000000000000000e+01 1.804642000000740154e-01 1.160000000000000000e+02
2.212000000000000000e+03 1.280000000000000000e+02 4.407860999999684282e-01 2.170000000000000000e+02
2.132000000000000000e+03 1.280000000000000000e+02 2.758400000000165164e-01 1.980000000000000000e+02
4.684000000000000000e+03 2.560000000000000000e+02 5.665541999999277323e-01 3.830000000000000000e+02
1.380000000000000000e+03 6.400000000000000000e+01 3.645361000000093554e-01 1.600000000000000000e+02
3.720000000000000000e+03 2.560000000000000000e+02 5.319074000000227898e-01 3.000000000000000000e+02
3.084000000000000000e+03 1.280000000000000000e+02 4.668444999999792344e-01 2.720000000000000000e+02
3.896000000000000000e+03 2.560000000000000000e+02 4.659758999999894513e-01 3.170000000000000000e+02
1.140000000000000000e+03 6.400000000000000000e+01 2.627380000000130167e-01 1.380000000000000000e+02
3.736000000000000000e+03 2.560000000000000000e+02 4.984149000000570595e-01 3.110000000000000000e+02
7.104000000000000000e+03 5.120000000000000000e+02 1.054895800000053896e+00 5.060000000000000000e+02
1.620000000000000000e+03 1.280000000000000000e+02 2.418001000000913336e-01 1.630000000000000000e+02
3.684000000000000000e+03 2.560000000000000000e+02 5.118032000000312109e-01 2.980000000000000000e+02
5.272000000000000000e+03 5.120000000000000000e+02 7.004180999999789492e-01 3.570000000000000000e+02
6.664000000000000000e+03 5.120000000000000000e+02 7.985760999999911292e-01 4.610000000000000000e+02
2.496000000000000000e+03 2.560000000000000000e+02 3.653057999999873573e-01 2.160000000000000000e+02
7.280000000000000000e+02 6.400000000000000000e+01 1.854537000000391345e-01 9.500000000000000000e+01
2.064000000000000000e+03 1.280000000000000000e+02 3.959629000000859378e-01 1.910000000000000000e+02
4.040000000000000000e+03 2.560000000000000000e+02 6.956300999999029955e-01 3.260000000000000000e+02
2.784000000000000000e+03 2.560000000000000000e+02 5.541274999999359352e-01 2.340000000000000000e+02
9.360000000000000000e+02 6.400000000000000000e+01 3.058504000000539236e-01 1.150000000000000000e+02
1.164000000000000000e+03 1.280000000000000000e+02 2.750333000000182437e-01 1.280000000000000000e+02
3.824000000000000000e+03 2.560000000000000000e+02 5.835726999999906184e-01 3.230000000000000000e+02
1.010800000000000000e+04 1.024000000000000000e+03 8.847361000000546483e-01 5.920000000000000000e+02
3.184000000000000000e+03 2.560000000000000000e+02 5.449148000000150205e-01 2.680000000000000000e+02
5.980000000000000000e+03 5.120000000000000000e+02 8.125261000000136846e-01 4.170000000000000000e+02
1.060000000000000000e+03 6.400000000000000000e+01 1.674058999999488151e-01 1.200000000000000000e+02
3.088000000000000000e+03 2.560000000000000000e+02 3.455884999999625506e-01 2.530000000000000000e+02
4.512000000000000000e+03 2.560000000000000000e+02 5.233332999999902313e-01 3.760000000000000000e+02
6.600000000000000000e+03 5.120000000000000000e+02 6.719724999999243664e-01 4.460000000000000000e+02
7.960000000000000000e+02 6.400000000000000000e+01 1.296625999999605483e-01 1.040000000000000000e+02
2.920000000000000000e+03 2.560000000000000000e+02 3.236726000000089698e-01 2.510000000000000000e+02
3.448000000000000000e+03 2.560000000000000000e+02 3.776791000000230270e-01 2.870000000000000000e+02
6.432000000000000000e+03 5.120000000000000000e+02 6.322221000000354252e-01 4.560000000000000000e+02
9.012000000000000000e+03 5.120000000000000000e+02 8.971050000000104774e-01 6.160000000000000000e+02
3.480000000000000000e+02 3.200000000000000000e+01 1.209349999999176362e-01 6.100000000000000000e+01
6.036000000000000000e+03 5.120000000000000000e+02 7.244054999999889333e-01 4.170000000000000000e+02
2.444000000000000000e+03 1.280000000000000000e+02 3.484018000000332904e-01 2.270000000000000000e+02
5.960000000000000000e+03 5.120000000000000000e+02 6.131952999999157328e-01 4.160000000000000000e+02
4.376000000000000000e+03 2.560000000000000000e+02 6.871408000000656102e-01 3.570000000000000000e+02
6.000000000000000000e+03 5.120000000000000000e+02 5.756117000000813277e-01 4.130000000000000000e+02
1.572000000000000000e+03 1.280000000000000000e+02 3.396245000000135406e-01 1.620000000000000000e+02
4.192000000000000000e+03 2.560000000000000000e+02 7.621246999999584659e-01 3.400000000000000000e+02
1.552000000000000000e+03 1.280000000000000000e+02 3.167931000000407948e-01 1.510000000000000000e+02
1.904000000000000000e+03 1.280000000000000000e+02 3.367959999999357024e-01 1.810000000000000000e+02
3.124000000000000000e+03 2.560000000000000000e+02 4.739415999999891937e-01 2.610000000000000000e+02
1.320000000000000000e+03 1.280000000000000000e+02 2.856970999999930427e-01 1.360000000000000000e+02
2.512000000000000000e+03 2.560000000000000000e+02 3.987620000000333675e-01 2.140000000000000000e+02
3.124000000000000000e+03 2.560000000000000000e+02 4.360347000000501794e-01 2.650000000000000000e+02
2.644000000000000000e+03 2.560000000000000000e+02 3.934212000000343323e-01 2.260000000000000000e+02
7.760000000000000000e+02 6.400000000000000000e+01 1.775632000000086919e-01 1.000000000000000000e+02
4.768000000000000000e+03 5.120000000000000000e+02 7.483490000000756481e-01 3.300000000000000000e+02
3.464000000000000000e+03 2.560000000000000000e+02 6.575290000000677537e-01 2.910000000000000000e+02
3.440000000000000000e+03 2.560000000000000000e+02 6.045431999999664185e-01 2.850000000000000000e+02
6.212000000000000000e+03 5.120000000000000000e+02 6.975433999999722801e-01 4.300000000000000000e+02
7.104000000000000000e+03 5.120000000000000000e+02 1.015581400000087342e+00 4.880000000000000000e+02
7.564000000000000000e+03 5.120000000000000000e+02 9.628633000000945685e-01 5.290000000000000000e+02
5.720000000000000000e+03 5.120000000000000000e+02 6.687305000000378641e-01 3.930000000000000000e+02
6.640000000000000000e+02 3.200000000000000000e+01 1.591591000000107670e-01 9.500000000000000000e+01
2.256000000000000000e+03 1.280000000000000000e+02 3.440567999999757376e-01 2.120000000000000000e+02
7.092000000000000000e+03 5.120000000000000000e+02 7.978047000000287881e-01 5.050000000000000000e+02
1.912000000000000000e+03 6.400000000000000000e+01 2.747340000000804139e-01 2.010000000000000000e+02
3.208000000000000000e+03 2.560000000000000000e+02 3.670018999999911102e-01 2.700000000000000000e+02
2.524000000000000000e+03 1.280000000000000000e+02 2.493408999999928710e-01 2.250000000000000000e+02
5.532000000000000000e+03 5.120000000000000000e+02 5.450432000000091648e-01 3.890000000000000000e+02
2.284000000000000000e+03 1.280000000000000000e+02 3.442266999999219479e-01 2.120000000000000000e+02
1.084000000000000000e+03 6.400000000000000000e+01 1.671014999999442807e-01 1.310000000000000000e+02
3.872000000000000000e+03 2.560000000000000000e+02 4.764602000000195403e-01 3.120000000000000000e+02
2.200000000000000000e+03 2.560000000000000000e+02 2.826514999999290012e-01 1.870000000000000000e+02
1.080000000000000000e+03 1.280000000000000000e+02 1.502559999998993590e-01 1.120000000000000000e+02
3.568000000000000000e+03 2.560000000000000000e+02 3.941006000000015774e-01 2.980000000000000000e+02
3.452000000000000000e+03 2.560000000000000000e+02 3.672523000000182947e-01 2.860000000000000000e+02
6.672000000000000000e+03 5.120000000000000000e+02 6.061727000000018961e-01 4.420000000000000000e+02
5.460000000000000000e+03 5.120000000000000000e+02 5.352032000000690459e-01 3.850000000000000000e+02
1.000000000000000000e+03 6.400000000000000000e+01 1.495984000000589731e-01 1.190000000000000000e+02
3.084000000000000000e+03 2.560000000000000000e+02 3.749727000000575572e-01 2.590000000000000000e+02
4.628000000000000000e+03 2.560000000000000000e+02 4.876259999999774664e-01 3.720000000000000000e+02
5.360000000000000000e+03 5.120000000000000000e+02 4.967096999999967011e-01 3.800000000000000000e+02
1.536000000000000000e+03 6.400000000000000000e+01 2.232781000000159111e-01 1.610000000000000000e+02
3.552000000000000000e+03 2.560000000000000000e+02 3.842919999999594438e-01 2.820000000000000000e+02
7.144000000000000000e+03 5.120000000000000000e+02 6.615153999999847656e-01 4.930000000000000000e+02
3.056000000000000000e+03 2.560000000000000000e+02 3.410899000000426895e-01 2.530000000000000000e+02
2.308000000000000000e+03 1.280000000000000000e+02 2.922919999999749052e-01 2.210000000000000000e+02
3.968000000000000000e+03 2.560000000000000000e+02 4.129834999999957290e-01 3.280000000000000000e+02
2.808000000000000000e+03 2.560000000000000000e+02 2.756335999999919295e-01 2.450000000000000000e+02
4.572000000000000000e+03 5.120000000000000000e+02 3.680387000000564512e-01 3.090000000000000000e+02
5.320000000000000000e+03 5.120000000000000000e+02 5.571886000000176864e-01 3.640000000000000000e+02
6.744000000000000000e+03 5.120000000000000000e+02 9.854434000000082960e-01 4.620000000000000000e+02
6.356000000000000000e+03 5.120000000000000000e+02 8.701773000000230240e-01 4.650000000000000000e+02
2.884000000000000000e+03 2.560000000000000000e+02 3.330216000000518761e-01 2.430000000000000000e+02
3.112000000000000000e+03 2.560000000000000000e+02 3.662739999999757856e-01 2.670000000000000000e+02
2.712000000000000000e+03 2.560000000000000000e+02 3.356304999999792926e-01 2.270000000000000000e+02
5.524000000000000000e+03 2.560000000000000000e+02 5.444643999999243533e-01 4.210000000000000000e+02
5.436000000000000000e+03 5.120000000000000000e+02 5.049834000000146261e-01 3.800000000000000000e+02
1.908000000000000000e+03 1.280000000000000000e+02 2.335990000000265354e-01 1.860000000000000000e+02
2.960000000000000000e+03 2.560000000000000000e+02 3.230179999999336360e-01 2.410000000000000000e+02
2.652000000000000000e+03 2.560000000000000000e+02 2.963641000000052372e-01 2.240000000000000000e+02
1.852000000000000000e+03 1.280000000000000000e+02 2.411046999999371110e-01 1.870000000000000000e+02
1.384000000000000000e+03 1.280000000000000000e+02 1.805001999999831241e-01 1.390000000000000000e+02
6.936000000000000000e+03 5.120000000000000000e+02 6.339021000000002459e-01 4.720000000000000000e+02
3.276000000000000000e+03 2.560000000000000000e+02 3.486682999999857202e-01 2.720000000000000000e+02
7.008000000000000000e+03 5.120000000000000000e+02 6.720536999999922045e-01 5.050000000000000000e+02
2.284000000000000000e+03 1.280000000000000000e+02 2.997184999999262800e-01 2.150000000000000000e+02
1.756000000000000000e+03 1.280000000000000000e+02 2.370056999999405889e-01 1.820000000000000000e+02
2.188000000000000000e+03 2.560000000000000000e+02 2.360618999999815060e-01 1.880000000000000000e+02
6.580000000000000000e+03 5.120000000000000000e+02 6.716000999999778287e-01 4.680000000000000000e+02
8.600000000000000000e+02 6.400000000000000000e+01 1.376238999999941370e-01 1.090000000000000000e+02
3.544000000000000000e+03 2.560000000000000000e+02 4.009829000000308952e-01 2.810000000000000000e+02
7.320000000000000000e+02 6.400000000000000000e+01 1.221432999999478852e-01 9.600000000000000000e+01
2.072000000000000000e+03 1.280000000000000000e+02 2.678291000000854183e-01 2.070000000000000000e+02
5.056000000000000000e+03 5.120000000000000000e+02 4.719264999999950305e-01 3.640000000000000000e+02
1.428000000000000000e+03 1.280000000000000000e+02 1.902521999999180480e-01 1.470000000000000000e+02
4.352000000000000000e+03 5.120000000000000000e+02 3.382884000000103697e-01 2.880000000000000000e+02
3.020000000000000000e+03 2.560000000000000000e+02 3.029148999999051739e-01 2.530000000000000000e+02
6.324000000000000000e+03 5.120000000000000000e+02 6.392896999999493346e-01 4.530000000000000000e+02
2.948000000000000000e+03 2.560000000000000000e+02 3.250706999999692925e-01 2.350000000000000000e+02
5.604000000000000000e+03 2.560000000000000000e+02 5.550883000000794709e-01 4.320000000000000000e+02
6.752000000000000000e+03 5.120000000000000000e+02 7.243589000000838496e-01 4.680000000000000000e+02
4.020000000000000000e+03 2.560000000000000000e+02 5.118393999999852895e-01 3.180000000000000000e+02
4.744000000000000000e+03 2.560000000000000000e+02 6.375679000000218366e-01 3.560000000000000000e+02
3.080000000000000000e+03 1.280000000000000000e+02 5.768474999999853026e-01 2.740000000000000000e+02
8.072000000000000000e+03 5.120000000000000000e+02 9.137021999999888067e-01 5.620000000000000000e+02
3.052000000000000000e+03 2.560000000000000000e+02 3.308759999999892898e-01 2.480000000000000000e+02
3.516000000000000000e+03 2.560000000000000000e+02 5.530840000000125656e-01 2.990000000000000000e+02
6.100000000000000000e+03 5.120000000000000000e+02 9.712468000000171742e-01 4.230000000000000000e+02
1.004000000000000000e+03 6.400000000000000000e+01 2.629202999999051826e-01 1.210000000000000000e+02
7.328000000000000000e+03 5.120000000000000000e+02 8.238695000000006985e-01 5.140000000000000000e+02
7.212000000000000000e+03 5.120000000000000000e+02 6.363116999999647305e-01 4.960000000000000000e+02
1.760000000000000000e+03 1.280000000000000000e+02 2.764316000000235363e-01 1.800000000000000000e+02
3.792000000000000000e+03 2.560000000000000000e+02 4.861568000000033862e-01 3.050000000000000000e+02
3.120000000000000000e+03 2.560000000000000000e+02 3.915435999999772321e-01 2.530000000000000000e+02
5.596000000000000000e+03 5.120000000000000000e+02 6.069120000000793880e-01 3.920000000000000000e+02
2.748000000000000000e+03 2.560000000000000000e+02 3.645049000000426531e-01 2.340000000000000000e+02
3.112000000000000000e+03 2.560000000000000000e+02 3.495567000001074121e-01 2.520000000000000000e+02
1.692000000000000000e+03 1.280000000000000000e+02 2.189321999999265245e-01 1.690000000000000000e+02
3.720000000000000000e+03 2.560000000000000000e+02 4.733118000000331449e-01 3.060000000000000000e+02
5.148000000000000000e+03 5.120000000000000000e+02 6.911175999999841224e-01 3.570000000000000000e+02
3.164000000000000000e+03 2.560000000000000000e+02 3.691774999999779538e-01 2.590000000000000000e+02
7.064000000000000000e+03 5.120000000000000000e+02 6.996415000000979489e-01 4.830000000000000000e+02
1.480000000000000000e+03 6.400000000000000000e+01 1.940832000000227708e-01 1.630000000000000000e+02
1.224000000000000000e+03 6.400000000000000000e+01 1.881885999999894921e-01 1.400000000000000000e+02
3.240000000000000000e+03 2.560000000000000000e+02 3.574141999999937980e-01 2.730000000000000000e+02
2.396000000000000000e+03 1.280000000000000000e+02 3.349885999999742126e-01 2.240000000000000000e+02
6.400000000000000000e+02 3.200000000000000000e+01 1.255980000000818109e-01 8.700000000000000000e+01
3.288000000000000000e+03 2.560000000000000000e+02 5.141038000000435204e-01 2.640000000000000000e+02
7.360000000000000000e+02 6.400000000000000000e+01 1.308067999999593667e-01 9.700000000000000000e+01
4.440000000000000000e+02 3.200000000000000000e+01 7.674850000000787986e-02 6.700000000000000000e+01
5.724000000000000000e+03 5.120000000000000000e+02 6.360432000000173502e-01 4.040000000000000000e+02
3.612000000000000000e+03 2.560000000000000000e+02 5.207331999999951222e-01 2.920000000000000000e+02
7.020000000000000000e+03 5.120000000000000000e+02 9.145851000000675413e-01 4.760000000000000000e+02
6.444000000000000000e+03 5.120000000000000000e+02 8.208609999999225693e-01 4.590000000000000000e+02
7.160000000000000000e+02 6.400000000000000000e+01 1.290265000000090367e-01 9.300000000000000000e+01
8.924000000000000000e+03 5.120000000000000000e+02 8.813586999999643012e-01 6.100000000000000000e+02
2.400000000000000000e+03 1.280000000000000000e+02 2.987927000000354383e-01 2.220000000000000000e+02
3.024000000000000000e+03 2.560000000000000000e+02 3.479846000000179629e-01 2.420000000000000000e+02
2.472000000000000000e+03 1.280000000000000000e+02 3.159852000000000771e-01 2.330000000000000000e+02
1.812000000000000000e+03 1.280000000000000000e+02 2.447665000000824875e-01 1.820000000000000000e+02
4.040000000000000000e+03 2.560000000000000000e+02 5.751490000000103464e-01 3.360000000000000000e+02
2.776000000000000000e+03 2.560000000000000000e+02 3.489180999999916821e-01 2.390000000000000000e+02
1.492000000000000000e+03 1.280000000000000000e+02 3.406367999999702079e-01 1.470000000000000000e+02
3.644000000000000000e+03 2.560000000000000000e+02 6.420330000000831205e-01 2.900000000000000000e+02
4.528000000000000000e+03 2.560000000000000000e+02 7.397727000000031694e-01 3.350000000000000000e+02
3.756000000000000000e+03 2.560000000000000000e+02 4.776022999999440799e-01 3.010000000000000000e+02
1.448000000000000000e+03 1.280000000000000000e+02 2.190557000000126209e-01 1.510000000000000000e+02
6.420000000000000000e+03 5.120000000000000000e+02 7.227959000000510059e-01 4.360000000000000000e+02
5.500000000000000000e+03 2.560000000000000000e+02 5.914507999999614185e-01 4.120000000000000000e+02
4.572000000000000000e+03 5.120000000000000000e+02 4.090886000000182321e-01 3.020000000000000000e+02
2.160000000000000000e+03 1.280000000000000000e+02 3.389650000000301588e-01 2.020000000000000000e+02
4.084000000000000000e+03 2.560000000000000000e+02 4.744722000000365369e-01 3.200000000000000000e+02
1.924000000000000000e+03 1.280000000000000000e+02 2.419525000000248838e-01 1.860000000000000000e+02
3.700000000000000000e+03 2.560000000000000000e+02 4.120948999999427542e-01 3.020000000000000000e+02
4.648000000000000000e+03 5.120000000000000000e+02 5.738619999999627908e-01 3.170000000000000000e+02
3.308000000000000000e+03 2.560000000000000000e+02 3.702422999999726017e-01 2.750000000000000000e+02
7.276000000000000000e+03 5.120000000000000000e+02 7.946349000000054730e-01 5.070000000000000000e+02
3.448000000000000000e+03 2.560000000000000000e+02 5.160450000000764703e-01 2.720000000000000000e+02
3.304000000000000000e+03 2.560000000000000000e+02 3.658285999999861815e-01 2.770000000000000000e+02
7.308000000000000000e+03 5.120000000000000000e+02 6.764760000000933360e-01 5.000000000000000000e+02
5.308000000000000000e+03 5.120000000000000000e+02 5.135303000000703832e-01 3.690000000000000000e+02
3.636000000000000000e+03 2.560000000000000000e+02 4.162939999999935026e-01 3.010000000000000000e+02
1.512000000000000000e+03 1.280000000000000000e+02 2.112151000000039858e-01 1.580000000000000000e+02
1.171600000000000000e+04 1.024000000000000000e+03 9.435578999999734151e-01 6.930000000000000000e+02
2.664000000000000000e+03 2.560000000000000000e+02 3.032180999999809501e-01 2.200000000000000000e+02
6.852000000000000000e+03 5.120000000000000000e+02 6.350822000000562184e-01 4.800000000000000000e+02
5.700000000000000000e+03 5.120000000000000000e+02 2.788956000000553104e-01 3.980000000000000000e+02
2.716000000000000000e+03 2.560000000000000000e+02 2.403683000000000902e-01 2.320000000000000000e+02
1.436000000000000000e+03 1.280000000000000000e+02 1.978199999999787906e-01 1.490000000000000000e+02
4.816000000000000000e+03 2.560000000000000000e+02 5.222049999999853753e-01 3.670000000000000000e+02
3.608000000000000000e+03 2.560000000000000000e+02 3.788650000000188811e-01 2.910000000000000000e+02
2.308000000000000000e+03 1.280000000000000000e+02 2.834804000000303859e-01 2.160000000000000000e+02
4.416000000000000000e+03 2.560000000000000000e+02 4.818962000000510670e-01 3.670000000000000000e+02
3.540000000000000000e+03 2.560000000000000000e+02 3.870663000000149623e-01 2.950000000000000000e+02
1.004400000000000000e+04 1.024000000000000000e+03 7.511683999999831940e-01 5.880000000000000000e+02
4.736000000000000000e+03 2.560000000000000000e+02 5.495567000000391999e-01 3.620000000000000000e+02
2.824000000000000000e+03 2.560000000000000000e+02 5.347683999999617299e-01 2.490000000000000000e+02
7.228000000000000000e+03 5.120000000000000000e+02 1.069779700000026423e+00 4.970000000000000000e+02
2.972000000000000000e+03 2.560000000000000000e+02 3.737285000000838409e-01 2.430000000000000000e+02
2.504000000000000000e+03 2.560000000000000000e+02 3.210709999999608044e-01 2.080000000000000000e+02
2.944000000000000000e+03 2.560000000000000000e+02 3.282845999999608466e-01 2.390000000000000000e+02
4.900000000000000000e+03 2.560000000000000000e+02 6.039961999999832187e-01 3.750000000000000000e+02
1.404000000000000000e+03 1.280000000000000000e+02 1.982217999999420499e-01 1.440000000000000000e+02
5.216000000000000000e+03 5.120000000000000000e+02 7.483918000000358006e-01 3.680000000000000000e+02
3.152000000000000000e+03 2.560000000000000000e+02 4.240217999999913445e-01 2.570000000000000000e+02
8.440000000000000000e+02 6.400000000000000000e+01 2.434005999999726555e-01 1.030000000000000000e+02
3.240000000000000000e+03 2.560000000000000000e+02 4.122828999999228472e-01 2.680000000000000000e+02
7.452000000000000000e+03 5.120000000000000000e+02 9.141326000000162821e-01 5.180000000000000000e+02
4.516000000000000000e+03 2.560000000000000000e+02 7.141467999999804306e-01 3.760000000000000000e+02
5.068000000000000000e+03 5.120000000000000000e+02 5.242226000000300701e-01 3.590000000000000000e+02
2.564000000000000000e+03 2.560000000000000000e+02 4.587151000000631029e-01 2.210000000000000000e+02
7.008000000000000000e+03 5.120000000000000000e+02 7.122318000000404936e-01 4.880000000000000000e+02
1.227600000000000000e+04 1.024000000000000000e+03 1.003381799999942814e+00 7.300000000000000000e+02
3.548000000000000000e+03 2.560000000000000000e+02 5.487838999999894440e-01 2.870000000000000000e+02
1.856000000000000000e+03 1.280000000000000000e+02 3.754157999999279127e-01 1.740000000000000000e+02
6.396000000000000000e+03 5.120000000000000000e+02 7.034211000000141212e-01 4.550000000000000000e+02
5.504000000000000000e+03 5.120000000000000000e+02 5.387259000000312881e-01 3.850000000000000000e+02
2.308000000000000000e+03 2.560000000000000000e+02 3.606893999999556399e-01 1.910000000000000000e+02
1.080000000000000000e+03 6.400000000000000000e+01 3.156616999999641848e-01 1.270000000000000000e+02
1.220000000000000000e+03 1.280000000000000000e+02 2.817565000000286091e-01 1.320000000000000000e+02
2.196000000000000000e+03 2.560000000000000000e+02 4.050138000000060856e-01 1.830000000000000000e+02
2.760000000000000000e+03 2.560000000000000000e+02 4.329407999999830281e-01 2.390000000000000000e+02
1.139600000000000000e+04 1.024000000000000000e+03 9.848004000000400993e-01 6.860000000000000000e+02
3.224000000000000000e+03 2.560000000000000000e+02 3.573155000000269865e-01 2.680000000000000000e+02
6.316000000000000000e+03 5.120000000000000000e+02 5.675834999999551655e-01 4.240000000000000000e+02
2.664000000000000000e+03 2.560000000000000000e+02 4.206751000000394924e-01 2.300000000000000000e+02
3.424000000000000000e+03 1.280000000000000000e+02 6.924791000000141139e-01 3.060000000000000000e+02
3.936000000000000000e+03 2.560000000000000000e+02 7.163429999999380016e-01 3.170000000000000000e+02
1.220400000000000000e+04 1.024000000000000000e+03 9.805403999999953157e-01 7.260000000000000000e+02
3.208000000000000000e+03 2.560000000000000000e+02 3.333894999999529318e-01 2.660000000000000000e+02
3.756000000000000000e+03 2.560000000000000000e+02 3.853242000000136613e-01 3.000000000000000000e+02
2.288000000000000000e+03 1.280000000000000000e+02 3.029888999999457155e-01 2.160000000000000000e+02
1.376000000000000000e+03 1.280000000000000000e+02 1.847544999999399806e-01 1.440000000000000000e+02
3.732000000000000000e+03 2.560000000000000000e+02 4.019951999999875625e-01 2.960000000000000000e+02
9.840000000000000000e+02 6.400000000000000000e+01 1.464287999999669410e-01 1.160000000000000000e+02
1.328000000000000000e+03 1.280000000000000000e+02 1.795051000000285057e-01 1.330000000000000000e+02
3.956000000000000000e+03 2.560000000000000000e+02 4.353932000000213520e-01 3.240000000000000000e+02
2.640000000000000000e+03 2.560000000000000000e+02 3.145759999999881984e-01 2.250000000000000000e+02
4.776000000000000000e+03 2.560000000000000000e+02 5.124788000000535249e-01 3.860000000000000000e+02
5.280000000000000000e+02 6.400000000000000000e+01 1.085375000000112777e-01 7.700000000000000000e+01
5.564000000000000000e+03 5.120000000000000000e+02 5.249988000000485044e-01 3.970000000000000000e+02
4.148000000000000000e+03 2.560000000000000000e+02 5.405660000000125365e-01 3.200000000000000000e+02
3.820000000000000000e+03 2.560000000000000000e+02 4.001523000000588581e-01 3.060000000000000000e+02
1.308800000000000000e+04 1.024000000000000000e+03 1.128619599999979073e+00 7.920000000000000000e+02
2.328000000000000000e+03 2.560000000000000000e+02 2.494023000000424872e-01 1.920000000000000000e+02
3.936000000000000000e+03 2.560000000000000000e+02 4.305775999999923442e-01 3.240000000000000000e+02
1.032000000000000000e+03 6.400000000000000000e+01 1.555144999999811262e-01 1.240000000000000000e+02
1.292000000000000000e+03 1.280000000000000000e+02 1.831525999999712440e-01 1.400000000000000000e+02
1.220800000000000000e+04 1.024000000000000000e+03 9.199552000000039698e-01 7.240000000000000000e+02
3.400000000000000000e+03 2.560000000000000000e+02 3.808070999999699779e-01 2.810000000000000000e+02
2.436000000000000000e+03 2.560000000000000000e+02 2.223910000000159926e-01 2.090000000000000000e+02
3.628000000000000000e+03 2.560000000000000000e+02 3.583107000000609332e-01 2.980000000000000000e+02
1.584000000000000000e+03 1.280000000000000000e+02 2.315361000000848435e-01 1.650000000000000000e+02
1.636000000000000000e+03 1.280000000000000000e+02 2.379925999999841224e-01 1.700000000000000000e+02
2.808000000000000000e+03 2.560000000000000000e+02 3.433484000000817105e-01 2.250000000000000000e+02
3.052000000000000000e+03 2.560000000000000000e+02 3.458332000000154949e-01 2.490000000000000000e+02
3.060000000000000000e+03 2.560000000000000000e+02 5.264877999999271196e-01 2.510000000000000000e+02
1.720000000000000000e+02 1.600000000000000000e+01 8.215310000002773450e-02 3.900000000000000000e+01
2.928000000000000000e+03 2.560000000000000000e+02 3.742574000000331580e-01 2.440000000000000000e+02
3.644000000000000000e+03 2.560000000000000000e+02 4.238983000000189350e-01 3.000000000000000000e+02
2.800000000000000000e+03 2.560000000000000000e+02 3.259578000000828979e-01 2.280000000000000000e+02
4.924000000000000000e+03 2.560000000000000000e+02 6.538655000000517248e-01 3.760000000000000000e+02
5.744000000000000000e+03 5.120000000000000000e+02 5.856443999999783045e-01 3.920000000000000000e+02
5.076000000000000000e+03 5.120000000000000000e+02 6.860533999999915977e-01 3.600000000000000000e+02
2.260000000000000000e+03 1.280000000000000000e+02 5.381640999999035557e-01 2.090000000000000000e+02
6.176000000000000000e+03 5.120000000000000000e+02 1.372279299999945579e+00 4.350000000000000000e+02
2.940000000000000000e+03 2.560000000000000000e+02 4.382136000000400600e-01 2.630000000000000000e+02
7.040000000000000000e+03 5.120000000000000000e+02 7.201461000000790591e-01 4.820000000000000000e+02
2.932000000000000000e+03 2.560000000000000000e+02 3.801912999999785825e-01 2.490000000000000000e+02
2.636000000000000000e+03 2.560000000000000000e+02 3.598406999999497202e-01 2.240000000000000000e+02
2.544000000000000000e+03 2.560000000000000000e+02 3.052506000000221320e-01 2.140000000000000000e+02
6.160000000000000000e+03 5.120000000000000000e+02 7.982084999999869979e-01 4.010000000000000000e+02
8.240000000000000000e+02 6.400000000000000000e+01 1.432580000000598375e-01 1.070000000000000000e+02
1.656000000000000000e+03 1.280000000000000000e+02 2.294339999999692736e-01 1.700000000000000000e+02
6.936000000000000000e+03 5.120000000000000000e+02 6.437803000000030806e-01 4.770000000000000000e+02
1.204000000000000000e+03 1.280000000000000000e+02 2.150207999999338426e-01 1.250000000000000000e+02
1.708000000000000000e+03 1.280000000000000000e+02 2.182310999999117485e-01 1.720000000000000000e+02
3.220000000000000000e+03 2.560000000000000000e+02 4.016027000000121916e-01 2.690000000000000000e+02
3.536000000000000000e+03 2.560000000000000000e+02 3.866595000000643267e-01 2.880000000000000000e+02
1.120000000000000000e+03 6.400000000000000000e+01 2.286317000000508415e-01 1.230000000000000000e+02
5.984000000000000000e+03 5.120000000000000000e+02 6.171069999999190259e-01 4.250000000000000000e+02
2.424000000000000000e+03 2.560000000000000000e+02 4.917185000000472428e-01 2.030000000000000000e+02
3.736000000000000000e+03 2.560000000000000000e+02 5.854494000000158849e-01 3.100000000000000000e+02
6.204000000000000000e+03 5.120000000000000000e+02 6.816127999999253007e-01 4.400000000000000000e+02
3.064000000000000000e+03 2.560000000000000000e+02 3.920954999999821666e-01 2.500000000000000000e+02
1.804000000000000000e+03 1.280000000000000000e+02 2.276117000000112967e-01 1.770000000000000000e+02
3.560000000000000000e+03 2.560000000000000000e+02 4.203829000000496308e-01 2.840000000000000000e+02
4.796000000000000000e+03 2.560000000000000000e+02 5.422385000000531363e-01 3.670000000000000000e+02
2.428000000000000000e+03 1.280000000000000000e+02 3.458766999999625114e-01 2.310000000000000000e+02
3.116000000000000000e+03 2.560000000000000000e+02 4.050535000000081709e-01 2.550000000000000000e+02
5.760000000000000000e+03 5.120000000000000000e+02 6.242484999999078354e-01 3.980000000000000000e+02
3.272000000000000000e+03 2.560000000000000000e+02 4.927645000000211439e-01 2.740000000000000000e+02
3.852000000000000000e+03 2.560000000000000000e+02 6.108619000000317101e-01 3.120000000000000000e+02
1.416000000000000000e+03 1.280000000000000000e+02 2.940566999999418840e-01 1.470000000000000000e+02
2.016000000000000000e+03 1.280000000000000000e+02 3.442659000000958258e-01 2.010000000000000000e+02
3.168000000000000000e+03 2.560000000000000000e+02 4.238241000000471104e-01 2.650000000000000000e+02
7.304000000000000000e+03 5.120000000000000000e+02 7.384701999999379041e-01 5.140000000000000000e+02
4.928000000000000000e+03 5.120000000000000000e+02 6.315401000000520071e-01 3.370000000000000000e+02
4.804000000000000000e+03 2.560000000000000000e+02 7.767938000000640386e-01 3.650000000000000000e+02
2.116000000000000000e+03 1.280000000000000000e+02 3.937052999999650638e-01 1.920000000000000000e+02
3.816000000000000000e+03 2.560000000000000000e+02 4.220921999999518448e-01 3.060000000000000000e+02
2.828000000000000000e+03 2.560000000000000000e+02 3.104139000000714077e-01 2.400000000000000000e+02
6.368000000000000000e+03 5.120000000000000000e+02 6.180670999999620108e-01 4.290000000000000000e+02
1.788000000000000000e+03 1.280000000000000000e+02 2.550862000000506669e-01 1.820000000000000000e+02
3.044000000000000000e+03 2.560000000000000000e+02 3.452187999999978274e-01 2.450000000000000000e+02
3.460000000000000000e+03 2.560000000000000000e+02 3.759833999999955267e-01 2.900000000000000000e+02
4.580000000000000000e+03 5.120000000000000000e+02 5.318941000000450003e-01 3.110000000000000000e+02
4.712000000000000000e+03 2.560000000000000000e+02 5.420593000000053507e-01 3.580000000000000000e+02
3.120000000000000000e+03 2.560000000000000000e+02 3.617130999999744745e-01 2.610000000000000000e+02
3.988000000000000000e+03 2.560000000000000000e+02 4.401510000000143918e-01 3.030000000000000000e+02
2.352000000000000000e+03 1.280000000000000000e+02 3.212747000000035769e-01 2.130000000000000000e+02
3.204000000000000000e+03 2.560000000000000000e+02 4.561659000000872766e-01 2.690000000000000000e+02
5.700000000000000000e+03 5.120000000000000000e+02 6.539986000000226340e-01 4.020000000000000000e+02
3.140000000000000000e+03 2.560000000000000000e+02 5.346341999999140171e-01 2.610000000000000000e+02
6.972000000000000000e+03 5.120000000000000000e+02 9.143661000000520289e-01 4.720000000000000000e+02
2.520000000000000000e+03 2.560000000000000000e+02 3.663590000001022418e-01 2.070000000000000000e+02
1.572000000000000000e+03 1.280000000000000000e+02 3.459043999999948937e-01 1.590000000000000000e+02
1.700000000000000000e+03 1.280000000000000000e+02 2.626265000000103100e-01 1.700000000000000000e+02
5.496000000000000000e+03 5.120000000000000000e+02 5.189682999999831736e-01 3.890000000000000000e+02
1.644000000000000000e+03 1.280000000000000000e+02 2.178334000000177184e-01 1.680000000000000000e+02
2.404000000000000000e+03 1.280000000000000000e+02 3.947504000000208180e-01 2.250000000000000000e+02
3.932000000000000000e+03 2.560000000000000000e+02 5.830349999999953070e-01 3.230000000000000000e+02
4.936000000000000000e+03 5.120000000000000000e+02 5.045713000000660031e-01 3.560000000000000000e+02
4.392000000000000000e+03 5.120000000000000000e+02 5.154442000000472035e-01 2.990000000000000000e+02
1.536000000000000000e+03 1.280000000000000000e+02 2.376252000000249609e-01 1.490000000000000000e+02
5.176000000000000000e+03 5.120000000000000000e+02 5.085609000000204105e-01 3.590000000000000000e+02
2.828000000000000000e+03 2.560000000000000000e+02 3.473386000000573404e-01 2.430000000000000000e+02
1.444000000000000000e+03 1.280000000000000000e+02 2.648687000000791159e-01 1.510000000000000000e+02
1.808000000000000000e+03 1.280000000000000000e+02 3.428773000000546745e-01 1.810000000000000000e+02
3.560000000000000000e+03 2.560000000000000000e+02 5.059744000000137021e-01 2.980000000000000000e+02
1.072000000000000000e+03 1.280000000000000000e+02 1.580170999999381820e-01 1.110000000000000000e+02
1.400000000000000000e+03 1.280000000000000000e+02 2.331274000000576052e-01 1.440000000000000000e+02
1.011200000000000000e+04 1.024000000000000000e+03 8.895861999999397085e-01 5.880000000000000000e+02
3.664000000000000000e+03 2.560000000000000000e+02 6.521822000000838671e-01 2.930000000000000000e+02
1.664000000000000000e+03 1.280000000000000000e+02 3.680140999999821361e-01 1.690000000000000000e+02
5.280000000000000000e+03 2.560000000000000000e+02 9.347272999999631793e-01 4.140000000000000000e+02
2.692000000000000000e+03 2.560000000000000000e+02 3.965939000000844317e-01 2.260000000000000000e+02
7.544000000000000000e+03 5.120000000000000000e+02 8.635790999999244377e-01 5.250000000000000000e+02
5.296000000000000000e+03 5.120000000000000000e+02 6.426096000000143249e-01 3.570000000000000000e+02
3.480000000000000000e+03 2.560000000000000000e+02 5.390295999999352716e-01 2.950000000000000000e+02
2.548000000000000000e+03 2.560000000000000000e+02 3.011351000000104250e-01 2.180000000000000000e+02
4.892000000000000000e+03 5.120000000000000000e+02 4.572671000000809727e-01 3.340000000000000000e+02
5.568000000000000000e+03 5.120000000000000000e+02 5.874347999999827152e-01 3.860000000000000000e+02
2.528000000000000000e+03 2.560000000000000000e+02 2.879447000000254775e-01 2.200000000000000000e+02
3.228000000000000000e+03 2.560000000000000000e+02 4.040698999999676744e-01 2.640000000000000000e+02
5.840000000000000000e+02 6.400000000000000000e+01 1.070227000000159023e-01 8.000000000000000000e+01
1.220000000000000000e+03 1.280000000000000000e+02 2.508232000000134576e-01 1.320000000000000000e+02
6.236000000000000000e+03 5.120000000000000000e+02 7.770206000000143831e-01 4.450000000000000000e+02
3.832000000000000000e+03 2.560000000000000000e+02 3.955143000000589382e-01 3.080000000000000000e+02
3.884000000000000000e+03 2.560000000000000000e+02 4.866164000000026135e-01 3.110000000000000000e+02
4.140000000000000000e+03 2.560000000000000000e+02 4.735739999999850625e-01 3.320000000000000000e+02
1.500000000000000000e+03 1.280000000000000000e+02 2.029211999999915861e-01 1.560000000000000000e+02
1.480000000000000000e+03 1.280000000000000000e+02 2.107416999999713880e-01 1.540000000000000000e+02
2.516000000000000000e+03 2.560000000000000000e+02 3.359434999999848515e-01 2.200000000000000000e+02
2.516000000000000000e+03 2.560000000000000000e+02 2.823843000001033943e-01 2.060000000000000000e+02
1.144000000000000000e+03 6.400000000000000000e+01 1.840769000000364031e-01 1.360000000000000000e+02
6.704000000000000000e+03 5.120000000000000000e+02 6.251094000000421147e-01 4.570000000000000000e+02
5.332000000000000000e+03 5.120000000000000000e+02 5.271716999999398467e-01 3.720000000000000000e+02
4.128000000000000000e+03 2.560000000000000000e+02 5.560165000000552027e-01 3.310000000000000000e+02
4.644000000000000000e+03 2.560000000000000000e+02 5.424398999999766602e-01 3.770000000000000000e+02
2.696000000000000000e+03 2.560000000000000000e+02 3.041074999999864303e-01 2.340000000000000000e+02
7.412000000000000000e+03 5.120000000000000000e+02 6.710683999999673688e-01 5.130000000000000000e+02
3.952000000000000000e+03 2.560000000000000000e+02 4.553959999999506181e-01 3.310000000000000000e+02
5.592000000000000000e+03 5.120000000000000000e+02 5.174030000000584550e-01 3.920000000000000000e+02
3.856000000000000000e+03 2.560000000000000000e+02 4.029318999999986772e-01 3.090000000000000000e+02
4.952000000000000000e+03 5.120000000000000000e+02 4.067224000000351225e-01 3.540000000000000000e+02
1.300000000000000000e+03 6.400000000000000000e+01 2.159734999999045613e-01 1.460000000000000000e+02
4.116000000000000000e+03 2.560000000000000000e+02 6.876694999999699576e-01 3.370000000000000000e+02
2.428000000000000000e+03 1.280000000000000000e+02 5.689509000000043670e-01 2.110000000000000000e+02
4.736000000000000000e+03 2.560000000000000000e+02 7.418864999999641441e-01 3.540000000000000000e+02
1.672000000000000000e+03 1.280000000000000000e+02 3.830736999999544423e-01 1.700000000000000000e+02
3.808000000000000000e+03 2.560000000000000000e+02 4.771127999999862368e-01 3.080000000000000000e+02
6.460000000000000000e+03 5.120000000000000000e+02 7.561540999998896950e-01 4.370000000000000000e+02
5.768000000000000000e+03 5.120000000000000000e+02 5.321332999999413005e-01 4.010000000000000000e+02
3.124000000000000000e+03 2.560000000000000000e+02 4.008910000000014406e-01 2.570000000000000000e+02
1.736000000000000000e+03 1.280000000000000000e+02 2.230746999999837499e-01 1.750000000000000000e+02
4.956000000000000000e+03 5.120000000000000000e+02 4.589019000000007509e-01 3.450000000000000000e+02
1.219200000000000000e+04 1.024000000000000000e+03 1.084444500000017797e+00 7.290000000000000000e+02
2.868000000000000000e+03 2.560000000000000000e+02 3.524815999999191263e-01 2.520000000000000000e+02
2.824000000000000000e+03 1.280000000000000000e+02 3.358825000000251748e-01 2.640000000000000000e+02
1.800000000000000000e+03 1.280000000000000000e+02 2.287880999999742926e-01 1.790000000000000000e+02
5.936000000000000000e+03 5.120000000000000000e+02 8.287299999999504507e-01 4.120000000000000000e+02
1.015600000000000000e+04 1.024000000000000000e+03 1.383286600000019462e+00 5.850000000000000000e+02
6.056000000000000000e+03 5.120000000000000000e+02 8.287740000000667351e-01 4.230000000000000000e+02
1.724000000000000000e+03 1.280000000000000000e+02 3.480239000000437954e-01 1.730000000000000000e+02
1.684000000000000000e+03 1.280000000000000000e+02 3.215007999999670574e-01 1.740000000000000000e+02
3.400000000000000000e+03 2.560000000000000000e+02 4.018464999999196152e-01 2.860000000000000000e+02
3.692000000000000000e+03 2.560000000000000000e+02 4.309111000000029890e-01 3.110000000000000000e+02
3.220000000000000000e+03 1.280000000000000000e+02 4.735495999998420302e-01 2.880000000000000000e+02
2.864000000000000000e+03 2.560000000000000000e+02 3.549745999998776824e-01 2.330000000000000000e+02
1.748000000000000000e+03 1.280000000000000000e+02 2.488864999997986160e-01 1.740000000000000000e+02
1.776000000000000000e+03 1.280000000000000000e+02 2.667018999998163054e-01 1.790000000000000000e+02
3.572000000000000000e+03 2.560000000000000000e+02 4.537669999999707215e-01 3.010000000000000000e+02
2.840000000000000000e+03 2.560000000000000000e+02 3.627417000000150438e-01 2.380000000000000000e+02
4.088000000000000000e+03 2.560000000000000000e+02 4.593295000001944572e-01 3.340000000000000000e+02
4.040000000000000000e+03 2.560000000000000000e+02 5.911449000000175147e-01 3.240000000000000000e+02
1.059200000000000000e+04 1.024000000000000000e+03 9.533077000000957923e-01 6.270000000000000000e+02
5.500000000000000000e+03 5.120000000000000000e+02 4.969923999999537045e-01 3.840000000000000000e+02
2.560000000000000000e+02 3.200000000000000000e+01 1.040244999999231368e-01 4.800000000000000000e+01
3.936000000000000000e+03 2.560000000000000000e+02 7.648073000000294996e-01 3.220000000000000000e+02
1.612000000000000000e+03 1.280000000000000000e+02 3.521548999999595253e-01 1.630000000000000000e+02
3.924000000000000000e+03 2.560000000000000000e+02 6.643988999999237421e-01 3.250000000000000000e+02
2.432000000000000000e+03 2.560000000000000000e+02 2.514436999999816180e-01 2.070000000000000000e+02
6.632000000000000000e+03 5.120000000000000000e+02 6.548109000000295055e-01 4.570000000000000000e+02
8.960000000000000000e+02 6.400000000000000000e+01 2.057002999999895110e-01 1.090000000000000000e+02
5.036000000000000000e+03 2.560000000000000000e+02 6.078984000000673404e-01 3.810000000000000000e+02
1.932000000000000000e+03 1.280000000000000000e+02 3.267877000000680709e-01 1.870000000000000000e+02
3.560000000000000000e+02 3.200000000000000000e+01 7.952419999992343946e-02 6.300000000000000000e+01
5.468000000000000000e+03 5.120000000000000000e+02 6.069655999999667984e-01 3.770000000000000000e+02
4.340000000000000000e+03 2.560000000000000000e+02 6.443713999999545194e-01 3.550000000000000000e+02
3.404000000000000000e+03 2.560000000000000000e+02 3.878353000000061002e-01 2.830000000000000000e+02
1.244000000000000000e+03 6.400000000000000000e+01 1.978543000000172469e-01 1.430000000000000000e+02
3.064000000000000000e+03 2.560000000000000000e+02 3.909052999999858002e-01 2.510000000000000000e+02
8.400000000000000000e+02 6.400000000000000000e+01 1.676852000000508269e-01 1.070000000000000000e+02
2.824000000000000000e+03 2.560000000000000000e+02 3.485100000000329601e-01 2.430000000000000000e+02
7.160000000000000000e+02 6.400000000000000000e+01 1.295872000000599655e-01 9.300000000000000000e+01
3.272000000000000000e+03 2.560000000000000000e+02 3.498097000001507695e-01 2.710000000000000000e+02
4.040000000000000000e+03 2.560000000000000000e+02 5.311275999999907071e-01 3.230000000000000000e+02
7.392000000000000000e+03 5.120000000000000000e+02 9.238972000000558182e-01 5.110000000000000000e+02
2.788000000000000000e+03 2.560000000000000000e+02 3.257877000000917178e-01 2.410000000000000000e+02
4.144000000000000000e+03 2.560000000000000000e+02 5.316890999999941414e-01 3.340000000000000000e+02
3.800000000000000000e+02 3.200000000000000000e+01 9.757639999997991254e-02 6.200000000000000000e+01
8.084000000000000000e+03 5.120000000000000000e+02 8.993680999999469350e-01 5.650000000000000000e+02
2.200000000000000000e+03 1.280000000000000000e+02 3.385473999999248917e-01 2.060000000000000000e+02
1.636000000000000000e+03 1.280000000000000000e+02 2.755119000000831875e-01 1.660000000000000000e+02
3.720000000000000000e+03 2.560000000000000000e+02 4.957727999999406165e-01 3.170000000000000000e+02
4.168000000000000000e+03 2.560000000000000000e+02 5.454154000001381064e-01 3.430000000000000000e+02
3.604000000000000000e+03 2.560000000000000000e+02 5.062531999999464460e-01 2.950000000000000000e+02
2.920000000000000000e+03 2.560000000000000000e+02 3.013593000000582833e-01 2.330000000000000000e+02
2.352000000000000000e+03 2.560000000000000000e+02 2.653771000000233471e-01 1.980000000000000000e+02
3.076000000000000000e+03 2.560000000000000000e+02 3.661283999999795924e-01 2.650000000000000000e+02
2.896000000000000000e+03 2.560000000000000000e+02 3.705442000000402913e-01 2.560000000000000000e+02
1.160400000000000000e+04 1.024000000000000000e+03 9.005222999999205058e-01 6.930000000000000000e+02
5.148000000000000000e+03 5.120000000000000000e+02 6.021483999998054060e-01 3.610000000000000000e+02
1.160000000000000000e+03 6.400000000000000000e+01 1.779258000001391338e-01 1.380000000000000000e+02
2.496000000000000000e+03 2.560000000000000000e+02 2.862393000000338361e-01 2.050000000000000000e+02
9.928000000000000000e+03 1.024000000000000000e+03 1.293451899999809029e+00 5.730000000000000000e+02
8.136000000000000000e+03 5.120000000000000000e+02 9.643425000001570879e-01 5.460000000000000000e+02
4.596000000000000000e+03 2.560000000000000000e+02 5.150705000000925793e-01 3.650000000000000000e+02
1.980000000000000000e+03 1.280000000000000000e+02 2.596656999999140680e-01 1.960000000000000000e+02
2.200000000000000000e+03 1.280000000000000000e+02 2.846811000001707725e-01 2.060000000000000000e+02
2.116000000000000000e+03 1.280000000000000000e+02 2.656884000000445667e-01 1.950000000000000000e+02
4.044000000000000000e+03 2.560000000000000000e+02 4.473713999998381041e-01 3.200000000000000000e+02
2.756000000000000000e+03 2.560000000000000000e+02 3.377467000000251574e-01 2.370000000000000000e+02
1.328000000000000000e+03 6.400000000000000000e+01 1.952416999999968539e-01 1.450000000000000000e+02
2.928000000000000000e+03 2.560000000000000000e+02 2.680406999998012907e-01 2.410000000000000000e+02
8.988000000000000000e+03 5.120000000000000000e+02 9.198283000000628817e-01 6.110000000000000000e+02
3.228000000000000000e+03 2.560000000000000000e+02 4.167863000000124885e-01 2.710000000000000000e+02
